date moon_altitude moon_azimuth sun_altitude sun_azimuth arcv arcl crescent_width moon_phase moon_illumination moon_angular_diameter moon_distance_au daz elongation sunset_time moonset_time
2025-01-29 -2.1983668206944196 246.96655374521134 -0.8920655543685365 250.7846841327618 -1.306301266325883 4.034004113746954 1.1493184338032841e-05 0.11250172555446625 0.11250172555446625 31.95823974609375 0.002502340590581298 3.818130387550468 4.034004113746954  
2025-01-30 10.830391056494623 245.85541857103365 -0.8920214249431959 251.09010287168812 11.722412481437818 12.82630318350492 0.00011768199927089891 1.431493878364563 1.431493878364563 32.364400227864586 0.002470937557518482 5.2346843006544646 12.82630318350492  
2025-02-28 5.358677420412748 260.62359895292184 -0.8901464846551745 261.88210228863176 6.248823905067923 6.373982796124539 2.9664991154057512e-05 0.41304025053977966 0.41304025053977966 32.984482828776045 0.0024244862142950296 1.2585033357099178 6.373982796124539  
2025-03-01 19.231575815802728 261.791397376454 -0.8900655362413393 262.3016398282106 20.12164135204407 20.127874942934163 0.00029660677874443513 3.3606858253479004 3.3606858253479004 33.241477457682294 0.002405742183327675 0.5102424517566533 20.127874942934163  
2025-03-29 -0.20684938418756685 275.56682342285916 -0.8875278541604151 274.392713904534 0.6806784699728483 1.3570942865072126 1.3595207703755694e-06 0.03240456059575081 0.03240456059575081 33.370747884114586 0.002396422903984785 -1.1741095183251673 1.3570942865072126  
2025-03-30 14.000625067303334 276.9189276709549 -0.887432711759711 274.821376576844 14.888057779063045 15.032340321779472 0.00016745462129750635 1.9478358030319214 1.9478358030319214 33.543904622395836 0.002384052611887455 -2.0975510941108837 15.032340321779472  
2025-04-28 9.52438034001273 289.0306562393284 -0.8847561847395651 286.2678993615716 10.409136524752295 10.766541729769983 8.598277521030466e-05 1.0501258373260498 1.0501258373260498 33.527923583984375 0.002385188825428486 -2.7627568777567717 10.766541729769983  
2025-04-29 23.72263522340309 288.3535659265267 -0.8846718745919977 286.61317908449405 24.607307097995086 24.665348018484302 0.0004460585077428469 4.925426006317139 4.925426006317139 33.41834513346354 0.002393009839579463 -1.740386842032649 24.665348018484302  
2025-05-27 5.8534507743597715 296.9199072212866 -0.8826793269842051 294.15111245630357 6.736130101343977 7.281376413308587 3.89502247787231e-05 0.5153767466545105 0.5153767466545105 33.19223225911458 0.0024093114770948887 -2.768794764983056 7.281376413308587  
2025-05-28 19.196916020859497 292.915722480745 -0.882625219079374 294.33129284660845 20.07954123993887 20.127579505687276 0.0002944535863839855 3.3570268154144287 3.3570268154144287 33.00282592773438 0.002423138590529561 1.4155703658634593 20.127579505687276  
2025-06-25 2.4255137261664794 299.511663482983 -0.8816619489629907 296.3675908042427 3.30717567512947 4.562687724074542 1.5016293311759373e-05 0.2165156453847885 0.2165156453847885 32.59743041992188 0.0024532736279070377 -3.144072678740315 4.562687724074542  
2025-06-26 13.85797827403491 292.3313861368721 -0.8816487688323266 296.3288499712704 14.739627042867236 15.262424217488679 0.00016644861057836787 1.9895201921463013 1.9895201921463013 32.35667317708333 0.002471527550369501 3.9974638343983315 15.262424217488679  
2025-07-25 7.877911160388734 287.81127622718435 -0.8818930548168603 292.02842626604695 8.759804215205595 9.716863653310098 6.598541318919035e-05 0.8534800410270691 0.8534800410270691 31.592732747395832 0.00253129075281322 4.217150038862599 9.716863653310098  
2025-07-26 16.563801256191418 278.3567917742693 -0.8819234171421552 291.78013522933867 17.445724673333572 21.90257215068796 0.0003296341554209672 3.862870693206787 3.862870693206787 31.29163818359375 0.002555647399276495 13.423343455069357 21.90257215068796  
2025-08-23 1.8037959704094801 280.8212333098366 -0.8832990065688252 282.8021247729237 2.6870949769783055 3.338172739424061 7.601685865574568e-06 0.1302190124988556 0.1302190124988556 30.827779134114582 0.0025941012427210808 1.9808914630871186 3.338172739424061  
2025-08-24 9.067220410938143 270.98250973497335 -0.883366454686879 282.4228580286912 9.950586865625022 15.12926146401708 0.00015437252768704123 1.8829169273376465 1.8829169273376465 30.584163411458334 0.0026147642638534307 11.440348293717875 15.12926146401708  
2025-09-22 2.3752825940195015 263.12626222708457 -0.885729433335439 270.4948615489911 3.2610120273549406 8.056476138218967 4.301717444779833e-05 0.5468913316726685 0.5468913316726685 29.986881510416666 0.0026668452192097902 7.368599321906515 8.056476138218967  
2025-09-23 8.920190343769864 253.54326093474657 -0.8858224946628804 270.0661715559244 9.806012838432745 19.160915701519134 0.00024077077079774108 2.9165029525756836 2.9165029525756836 29.847220865885415 0.0026793235447257757 16.522910621177857 19.160915701519134  
2025-10-21 -4.0263218105284695 255.85549853484932 -0.8885111879574854 258.3913565283783 -3.137810622570984 4.032725843468727 1.061906176099772e-05 0.08755657821893692 0.08755657821893692 29.55973103841146 0.002705381950363517 2.5358579935289924 4.032725843468727  
2025-10-22 3.020037937516719 247.10580764200955 -0.8886064370798953 258.0014620097973 3.908644374596614 11.571768102775017 8.722314519525094e-05 1.0795646905899048 1.0795646905899048 29.51893513997396 0.0027091207448393106 10.895654367787756 11.571768102775017  
2025-10-23 10.019864460520257 238.33139146437432 -0.8887015794805995 257.61462741596443 10.908566040000856 22.075345510744153 0.00031524925947278595 3.826354742050171 3.826354742050171 29.524462890625 0.0027086136396974325 19.283235951590115 22.075345510744153  
2025-11-20 -2.744004806833939 243.05285535079403 -0.8910595955698406 248.51225287514188 -1.8529452112640985 5.762459151665782 2.1565319312628328e-05 0.23478767275810242 0.23478767275810242 29.402475992838543 0.0027198512107133865 5.45939752434785 5.762459151665782  
2025-11-21 5.599131668822109 235.8466779273504 -0.8911293382045687 248.26677587637164 6.490261007026677 13.998412248157278 0.00012750316801372175 1.584236979484558 1.584236979484558 29.512784830729167 0.0027096853591501713 12.420097949021226 13.998412248157278  
2025-11-22 13.998189251090578 228.50762600379338 -0.8911981203439449 248.02804710450135 14.889387371434523 24.403311959244878 0.00038652710011087945 4.678973197937012 4.678973197937012 29.672257486979166 0.002695122268050909 19.520421100707978 24.403311959244878  
2025-12-20 0.6007858406327017 238.0099900827902 -0.8924945222649251 244.46938194314131 1.4932803628976268 6.629558028756251 2.8876404575794693e-05 0.3627019226551056 0.3627019226551056 29.726104736328125 0.0026902402751147747 6.459391860351104 6.629558028756251  
2025-12-21 10.728243016136144 233.26492106259894 -0.892517520792521 244.4641909993721 11.620760536928666 16.096708017693214 0.00017124847685518643 2.130417585372925 2.130417585372925 29.98280232747396 0.002667207969352603 11.199269936773163 16.096708017693214  
2026-01-19 5.560663616529774 243.32772948375202 -0.8924274476728414 248.01323925438078 6.453091064202615 7.970985108642278 4.28543487895694e-05 0.5822382569313049 0.5822382569313049 30.488751220703126 0.0026229468639940023 4.685509770628755 7.970985108642278  
2026-01-20 17.210061802626978 241.6196904176286 -0.892399806751044 248.2535799508952 18.10246160937802 19.246777982674747 0.00025168218968771766 3.0552988052368164 3.0552988052368164 30.85087687174479 0.002592159202322364 6.633889533266597 19.246777982674747  
2026-02-17 -1.1816928425729043 256.42136604720656 -0.8909954558246659 257.33360611275344 -0.2906973867482384 0.9573075866098214 6.308688707198516e-07 0.009647549130022526 0.009647549130022526 31.127667236328126 0.002569109434261918 0.9122400655468823 0.9573075866098214  
2026-02-18 11.194493926996016 257.042120959734 -0.890926086715908 257.7237191973879 12.085420013711923 12.104397706964965 0.0001021891585158951 1.2955857515335083 1.2955857515335083 31.5406494140625 0.002535470761358738 0.6815982376538727 12.104397706964965  
2026-03-19 4.882646532435063 272.1703069523952 -0.8885000355392312 269.95492143472325 5.771146567974295 6.180934234243545 2.7272713787477704e-05 0.3849889636039734 0.3849889636039734 32.25210367838542 0.0024795408826321363 -2.2153855176719617 6.180934234243545  
2026-03-20 18.154186898766795 273.5376288619617 -0.88840734773776 270.3907694660401 19.042594246504557 19.292600725836202 0.0002674737658079582 3.0953574180603027 3.0953574180603027 32.61461385091146 0.0024519809521734715 -3.146859395921581 19.292600725836202  
2026-04-17 -0.40420963458600256 285.9848016808529 -0.8857579280308826 282.1192697804625 0.48154829344488004 3.8951605831700373 1.1027992822985687e-05 0.13093189895153046 0.13093189895153046 32.87143147786458 0.002432824345305562 -3.8655319003904083 3.8951605831700373  
2026-04-18 13.470600680163052 286.05925074280606 -0.8856665208898808 282.5065688271589 14.356267201052933 14.781903283513337 0.00016019223320922987 1.881680965423584 1.881680965423584 33.186134847005206 0.0024097540881484747 -3.552681915647156 14.781903283513337  
2026-05-17 9.753673205544642 294.3560727729173 -0.8833106925956082 291.9234052773689 10.636983898140251 10.909203528498752 8.824405307480419e-05 1.077086091041565 1.077086091041565 33.51591186523437 0.0023860435467213392 -2.432667495548401 10.909203528498752  
2026-06-15 6.177989774093866 297.39878544437454 -0.8818836633067516 296.31702008362794 7.059873437400618 7.1419932129652475 3.785571957279804e-05 0.5062950849533081 0.5062950849533081 33.52528483072917 0.0023853767197579145 -1.0817653607466013 7.1419932129652475  
2026-06-16 18.694854428181248 290.3434732393182 -0.8818557555806897 296.3578372941079 19.57671018376194 20.449515553194505 0.0003079430158046185 3.4518330097198486 3.4518330097198486 33.44999389648437 0.0023907457944005728 6.0143640547897235 20.449515553194505  
2026-07-14 2.091964853143492 295.17525834121193 -0.8816541049176156 294.38962266212036 2.9736189580611074 3.0756166956283724 6.951948664584321e-06 0.12585534155368805 0.12585534155368805 33.206093343098956 0.002408305648714304 -0.7856356790915697 3.0756166956283724  
2026-07-15 12.496993926244523 285.5738155381149 -0.8816683522653375 294.2129393286705 13.37866227850986 15.890580055246538 0.00018402518475352486 2.1222219467163086 2.1222219467163086 33.02810465494792 0.002421284094452858 8.639123790555573 15.890580055246538  
2026-08-13 6.097889157489364 278.27985652345825 -0.8826792736233523 286.48531794323145 6.980568431112716 10.762657288327315 8.289665514872921e-05 0.9936397671699524 0.9936397671699524 32.384071858723956 0.0024694364983588457 8.2054614197732 10.762657288327315  
2026-08-14 14.218052186699643 267.4272596681983 -0.8827347155495058 286.1429888620304 15.100786902249148 23.905196285494764 0.00040106705226265 4.5180745124816895 4.5180745124816895 32.053420003255205 0.002494910266250372 18.71572919383209 23.905196285494764  
2026-09-11 0.14938011915022667 269.79818225364977 -0.8847291307871494 275.2726061941717 1.034109249937376 5.57107720276292 2.1698096820742014e-05 0.25932377576828003 0.25932377576828003 31.624100748697916 0.0025287801399827003 5.474423940521945 5.57107720276292  
2026-09-12 7.58671970550358 259.2715493463395 -0.8848147215951861 274.85222171113577 8.471534427098767 17.698681296310877 0.00021583669561796708 2.5009214878082275 2.5009214878082275 31.325266520182293 0.0025529037229716778 15.580672364796271 17.698681296310877  
2026-10-11 2.073656317629861 251.7394079749462 -0.8875214508580682 262.5287845992485 2.961177768487929 11.186645569223062 8.453926085982491e-05 1.0020921230316162 1.0020921230316162 30.614982096354165 0.0026121321134269238 10.78937662430232 11.186645569223062  
2026-10-12 9.46424906210723 242.2206104608063 -0.8876191012188582 262.1147385317624 10.351868163326088 22.351966783297087 0.00033246808149665365 3.9142088890075684 3.9142088890075684 30.38294677734375 0.0026320810429751873 19.89412807095607 22.351966783297087  
2026-11-09 -3.1115024947962406 246.18632757594244 -0.8901964837743331 251.69727936814556 -2.2213060110219076 5.9383439472087405 2.3364677383474906e-05 0.2450784593820572 0.2450784593820572 30.001759847005207 0.0026655225083231926 5.510951792203116 5.9383439472087405  
2026-11-10 5.2100085347304885 238.28948142362714 -0.890279086374608 251.38453866642902 6.100287621105096 14.432138511477262 0.00013711284350943165 1.6730461120605469 1.6730461120605469 29.870208740234375 0.002677261596545577 13.095057242801886 14.432138511477262  
2026-11-11 13.419862619913612 230.3777181381645 -0.8903610486446482 251.07715283302176 14.31022366855826 25.01606492074687 0.000407193460947123 4.895116329193115 4.895116329193115 29.77334187825521 0.002685972023755312 20.699434694857246 25.01606492074687  
2026-12-09 0.46518374716291133 238.56572159441913 -0.8921264924625377 245.12767557534713 1.357310239625449 6.700650380594361 2.929495880586305e-05 0.3677307963371277 0.3677307963371277 29.522296142578124 0.002708812477067113 6.561953980927996 6.700650380594361  
2026-12-10 10.003040850820868 233.13875380825047 -0.8921685408146156 245.02522273779695 10.895209391635484 16.083144755420996 0.0001683730694576352 2.1147799491882324 2.1147799491882324 29.535856119791667 0.002707568695768714 11.886468929546481 16.083144755420996  
2027-01-08 4.54114731921818 241.28203318581984 -0.8926393969805234 245.82066656853664 5.4337867161987035 7.077338285861158 3.268491108976378e-05 0.4625508487224579 0.4625508487224579 29.496525065104166 0.002711178967729211 4.538633382716796 7.077338285861158  
2027-01-09 15.154912522883501 238.83846470835607 -0.8926304323572377 245.97623095707283 16.04754295524074 17.531143507935628 0.0002009286568453675 2.547189474105835 2.547189474105835 29.660074869791668 0.0026962291449308395 7.137766248716758 17.531143507935628  
2027-02-07 8.081490925016489 252.9896877628954 -0.8916491796334302 253.55864252075745 8.97314010464992 8.991052107715321 5.3532181574929295e-05 0.7460613250732422 0.7460613250732422 29.92704874674479 0.00267217680811882 0.5689547578620591 8.991052107715321  
2027-02-08 19.36302280637962 253.07790648621526 -0.8915932040987479 253.90812964020864 20.25461601047837 20.270999323378984 0.0002733153511333054 3.3786439895629883 3.3786439895629883 30.21944783528646 0.0026463214308023453 0.8302231539933871 20.270999323378984  
2027-03-08 0.2606339889513099 267.57725062237176 -0.8895256844926438 265.07759263144385 1.1501596734439536 2.7515104913244453 5.08910710267478e-06 0.08053314685821533 0.08053314685821533 30.388018798828124 0.0026316416915506124 -2.499657990927915 2.7515104913244453  
2027-03-09 11.97491646420355 268.66814111584955 -0.8894385462198733 265.50844096428824 12.864355010423424 13.241580289140948 0.00011916499125622298 1.5194981098175049 1.5194981098175049 30.75245564778646 0.002600455190986395 -3.15970015156131 13.241580289140948  
2027-04-07 5.581385983584769 282.3192303986038 -0.8867214649515305 277.9963490313894 6.4681074485362995 7.776409299549019 4.203794007673019e-05 0.5621427893638611 0.5621427893638611 31.41917724609375 0.002545273397117853 -4.322881367214393 7.776409299549019  
2027-04-08 18.198371392507607 282.6783617451631 -0.8866268027985024 278.41066830644235 19.08499819530611 19.541272282734752 0.00026760466733885893 3.161396026611328 3.161396026611328 31.816988118489583 0.002513449639081955 -4.267693438720755 19.541272282734752  
2027-05-06 0.628048860869925 293.4142170071292 -0.8841331967820658 288.7524489740554 1.5121820576519909 4.900744345047811 1.706274164109302e-05 0.2133973389863968 0.2133973389863968 32.12623291015625 0.0024892555084079504 -4.66176803307377 4.900744345047811  
2027-05-07 13.701894791121779 291.37627980409417 -0.8840545962457578 289.0624029585906 14.585949387367537 14.765079595912738 0.00015661894396546067 1.8768385648727417 1.8768385648727417 32.519917805989586 0.002459120936691761 -2.3138768455035574 14.765079595912738  
2027-06-05 9.502000371423536 295.1584833966104 -0.8822454498893507 295.45750907847355 10.384245821312886 10.388514628459092 7.904221316658121e-05 0.9871875047683716 0.9871875047683716 33.10021769205729 0.0024160088505595922 0.2990256818631565 10.388514628459092  
2027-06-06 22.122072598964397 288.90662000400096 -0.8822029212895968 295.57632704927505 23.004275520253994 23.906656873280756 0.00041775054151108103 4.633256912231445 4.633256912231445 33.30024210611979 0.002401496982201934 6.6697070452740945 23.906656873280756  
2027-07-04 4.845078784452701 293.8334540183846 -0.8815799866929505 295.7913687251038 5.726658771145652 6.051471232317976 2.7106835261050098e-05 0.3760066628456116 0.3760066628456116 33.439453125 0.0023914994671940804 1.9579147067191798 6.051471232317976  
2027-07-05 15.898240302708697 284.5222396134997 -0.8815796131669802 295.68785037804304 16.779819915875677 20.079195762071816 0.0002973191444036919 3.302495002746582 3.302495002746582 33.51283569335938 0.0023862626403570175 11.165610764543317 20.079195762071816  
2027-08-02 -0.1245926689611628 288.28821467654797 -0.8821390483486866 290.0228641596778 0.7575463793875238 1.8927735379768622 2.652498348015251e-06 0.04703757166862488 0.04703757166862488 33.470802815755206 0.0023892594035714865 1.7346494831298287 1.8927735379768622  
2027-08-03 9.350135384096534 277.2978665661072 -0.8821797626794422 289.732854327519 10.232315146775976 16.06447073720068 0.000190106659238913 2.1210663318634033 2.1210663318634033 33.42012125651042 0.002392882714048028 12.434987761411833 16.06447073720068  
2027-09-01 3.5860802600280053 268.60467499808175 -0.8838996363289632 279.4827894400809 4.469979896356969 11.755328287622048 0.00010077787512287942 1.1282662153244019 1.1282662153244019 33.044053141276045 0.002420115517452359 10.878114441999173 11.755328287622048  
2027-09-02 11.838813845933645 257.11733500287414 -0.8839766360396845 279.08068254326395 12.722790481973329 25.254368731691613 0.00045640957398922146 4.981159687042236 4.981159687042236 32.75842081705729 0.002441217191517353 21.963347540389805 25.254368731691613  
2027-09-30 -1.2368356277850618 259.76231209858327 -0.8864367848013585 267.27612124224424 -0.3503988429837034 7.520660883068638 4.0519003406738714e-05 0.4342157244682312 0.4342157244682312 32.44026489257813 0.002465158933773637 7.513809143660978 7.520660883068638  
2027-10-01 7.133242102165278 249.07557955712787 -0.8865330477799733 266.8488792492816 8.019775149945252 19.461291608527095 0.00026733369330586164 2.989170551300049 2.989170551300049 32.14536743164062 0.002487773774191737 17.773299692153728 19.461291608527095  
2027-10-30 3.416905012023252 243.0678271254547 -0.8893106402554942 255.17835358053426 4.3062156522787465 12.847858572693132 0.00011441211653591811 1.3255542516708374 1.3255542516708374 31.430356852213542 0.0025443679187446833 12.110526455079565 12.847858572693132  
2027-10-31 12.249107578244542 234.00859205942993 -0.8894019406747903 254.8181020829511 13.138509518919333 24.483176686301654 0.00040805096342859 4.693448066711426 4.693448066711426 31.133099365234376 0.0025686612352728844 20.80951002352117 24.483176686301654  
2027-11-28 -0.5241114176706079 240.82154183197758 -0.8915552645323426 246.8388292077321 0.3674438468617347 6.028010837618207 2.4652971664560454e-05 0.2895360589027405 0.2895360589027405 30.700014241536458 0.0026048971340060234 6.017287375754506 6.028010837618207  
2027-11-29 9.381035159901671 234.2122683004797 -0.8916146551616099 246.64662768448792 10.27264981506328 16.08945922993525 0.0001739419045243265 2.112576484680176 2.112576484680176 30.49155476888021 0.0026227058842778206 12.434359384008218 16.08945922993525  
2027-12-28 4.642913295869962 239.98891445139634 -0.8926304323572377 244.64693954080496 5.5355437282272 7.231822043657485 3.462973233420714e-05 0.4819217324256897 0.4819217324256897 29.93100789388021 0.0026718233712017536 4.658025089408625 7.231822043657485  
2027-12-29 15.248783227741573 236.4850274071798 -0.892640570919287 244.7077009036614 16.14142379866086 18.07315114372446 0.00021476331489526926 2.693683624267578 2.693683624267578 29.84244588216146 0.0026797521859407425 8.222673496481576 18.07315114372446  
2028-01-27 8.220374284052236 249.36673686106718 -0.8921855095658349 249.98459577338653 9.11255979361807 9.13335330504954 5.452101647381762e-05 0.7655788660049438 0.7655788660049438 29.539152018229167 0.0027072664815932512 0.617858912319349 9.13335330504954  
2028-01-28 19.052027217996017 248.6692106222688 -0.89214591581299 250.27397722814163 19.944173133809006 20.00634449753576 0.0002607348225853594 3.289062738418579 3.289062738418579 29.59383748372396 0.002702264115214348 1.6047666058728396 20.00634449753576  
2028-02-25 -0.3014265467172706 263.29887476778913 -0.890452936033326 260.34080180052666 0.5890263893160554 3.0159861155041634 5.9235948261803655e-06 0.08363904058933258 0.08363904058933258 29.445192464192708 0.0027159054297953844 -2.958072967262467 3.0159861155041634  
2028-02-26 10.567648193276218 263.98599179829245 -0.890375242631517 260.7522797168849 11.458023435907736 11.900986866525091 9.267256909118596e-05 1.2387088537216187 1.2387088537216187 29.596738688151042 0.002701998921111226 -3.233712081407532 11.900986866525091  
2028-03-26 2.6203000491246646 277.86930751282716 -0.8877952453942505 273.2221014430638 3.508095294518915 5.821637654803077 2.236237205449982e-05 0.3135462999343872 0.3135462999343872 29.82889607747396 0.0026809696573764086 -4.647206069763342 5.821637654803077  
2028-03-27 13.867551637930328 278.36889486947854 -0.8877001563543993 273.65371475709526 14.755251794284726 15.477085429440743 0.00015922649672170898 2.0246224403381348 2.0246224403381348 30.113631184895834 0.002655620453879237 -4.71518011238328 15.477085429440743  
2028-04-25 7.5572559769714385 289.08423224317795 -0.8849872905934348 285.3077386888079 8.442243267564873 9.24440424166302 5.7918557689221114e-05 0.7771049737930298 0.7771049737930298 30.635294596354168 0.0026104003190994263 -3.776493554370063 9.24440424166302  
2028-04-26 19.393968685961656 287.6732790851934 -0.8849006325683403 285.66427456348254 20.278869318529996 20.374490516428153 0.00028335550479440967 3.417750597000122 3.417750597000122 31.010833740234375 0.0025787886697798967 -2.0090045217108923 20.374490516428153  
2028-05-24 2.162256250882797 296.3766612954605 -0.882819559305602 293.62491468264574 3.045075810188399 4.103879541226449 1.1662621188547806e-05 0.1797851324081421 0.1797851324081421 31.294722493489584 0.0025553954765200615 -2.7517466128147703 4.103879541226449  
2028-05-25 13.921047387057161 292.07533600526665 -0.8827617161410685 293.8235912252231 14.80380910319823 14.904773868668588 0.00015555785881373192 1.9055665731430054 1.9055665731430054 31.701595052083334 0.00252259848639369 1.7482552199564338 14.904773868668588  
2028-06-23 8.136782160121388 291.90329720045236 -0.8816704866994531 296.4140360905988 9.018452646820842 10.077467834826525 7.277638533294294e-05 0.9154872894287109 0.9154872894287109 32.396567789713544 0.0024684839881956577 4.510738890146456 10.077467834826525  
2028-06-24 18.984404930118306 283.69157932739944 -0.8816553322172321 296.3886004661297 19.866060262335537 23.455642132741698 0.000394788386501229 4.429819107055664 4.429819107055664 32.70685831705729 0.002445065649226308 12.697021138730236 23.455642132741698  
2028-07-22 2.3515534496258192 287.605687533167 -0.8818055963789725 292.67281363310263 3.2333590460047916 6.0099496204185705 2.6350169220815986e-05 0.3330177962779999 0.3330177962779999 32.98212687174479 0.0024246592074632645 5.067126099935649 6.0099496204185705  
2028-07-23 12.044221539938023 277.28002611199514 -0.8818324902488294 292.44094237115905 12.926054030186853 19.843230611302154 0.00028739059219659384 3.176569938659668 3.176569938659668 33.200443522135416 0.0024087154306471348 15.160916259163912 19.843230611302154  
2028-08-20 -2.7890206626627894 280.2321158335447 -0.8831185935252016 283.8187574497451 -1.9059020691375879 4.059812537591638 1.2147051346337881e-05 0.10442420095205307 0.10442420095205307 33.35558064778646 0.002397512551397085 3.5866416162003816 4.059812537591638  
2028-08-21 6.267508367790168 268.8801501876867 -0.8831833736006109 283.44839727219033 7.150691741390779 16.205481701227047 0.00019351873853985986 2.1105082035064697 2.1105082035064697 33.46595052083333 0.0023896058555692434 14.56824708450364 16.205481701227047  
2028-09-19 1.9699189776288841 259.8570058412363 -0.885487228424168 271.6619769536062 2.8554062060530523 12.143699683478419 0.00010877778341853652 1.175369381904602 1.175369381904602 33.446478271484374 0.0023909970186650753 11.804971112369913 12.143699683478419  
2028-09-20 10.949909975459738 248.4249903783058 -0.8855793292562574 271.23418854550994 11.835489304715995 25.58119396910053 0.00047544550515674327 5.094964027404785 5.094964027404785 33.279459635416664 0.0024029964115470648 22.80919816720413 25.58119396910053  
2028-10-18 -1.3482255544208033 251.84166956719963 -0.8882643940128657 259.46869592654275 -0.45996116040793755 7.639422367681067 4.268412690518108e-05 0.44653186202049255 0.44653186202049255 33.12235921223958 0.002414393937215209 7.62702635934312 7.639422367681067  
2028-10-19 8.408593807010277 241.5850476981583 -0.8883608170740392 259.0712062376047 9.296954624084316 19.753368158023203 0.00028192680940842494 3.0960798263549805 3.0960798263549805 32.90026652018229 0.00243069208227098 17.48615853944642 19.753368158023203  
2028-11-17 6.123604392827639 238.51583389272136 -0.8908778485048948 249.2153798690597 7.014482241332534 12.778898662121765 0.00011640266140005982 1.3535619974136353 1.3535619974136353 32.29475708007813 0.002476265886798501 10.699545976338328 12.778898662121765  
2028-11-18 16.636773289736542 230.3647407787415 -0.8909512196776195 248.95222634071743 17.527724509414163 25.364761026250264 0.0004499086700312677 5.079051971435547 5.079051971435547 31.97456258138021 0.002501063048839569 18.58748556197594 25.364761026250264  
2028-12-16 2.4454960849135863 240.81025835946872 -0.8924039155367166 244.56833772383646 3.3379000004503028 5.025752028922642 1.7624446081219668e-05 0.24865809082984924 0.24865809082984924 31.53785603841146 0.002535695442929864 3.7580793643677453 5.025752028922642  
2028-12-17 13.882368879561024 235.8217613972582 -0.892433050562395 244.53052579659126 14.77480193012342 17.109462311080897 0.00020186549840574513 2.4316725730895996 2.4316725730895996 31.277834065755208 0.0025567752309143543 8.708764399333063 17.109462311080897  
2029-01-15 7.961072982401871 246.43571144291795 -0.8925214694956349 247.18424553443796 8.853594451897505 8.884997470892454 5.337895672129714e-05 0.7325045466423035 0.7325045466423035 30.55616658528646 0.002617160091176629 0.748534091520014 8.884997470892454  
2029-01-16 19.398328054199418 244.62267870887308 -0.8924996982676555 247.39792117243266 20.290827752467074 20.472798557204573 0.00028012871382439183 3.440112829208374 3.440112829208374 30.370452880859375 0.002633163705468178 2.7752424635595787 20.472798557204573  
2029-02-13 -0.10244778827948647 259.2845267057625 -0.8912450778944887 255.91508510516852 0.7887972896150022 3.460394955618727 7.926079985459718e-06 0.10873448103666306 0.10873448103666306 29.929754638671874 0.002671935362741351 -3.3694416005940013 3.460394955618727  
2029-02-14 11.058136030405882 259.38927448687383 -0.8911800310148149 256.29192030205644 11.949316061420696 12.339731597056417 0.00010043690509921449 1.3267343044281006 1.3267343044281006 29.839371744791666 0.002680028323084116 -3.097354184817391 12.339731597056417  
2029-03-15 2.5864413073050305 273.1438001544188 -0.8888427722973483 268.33422682770595 3.4752840796023787 5.932749379271517 2.296451459641688e-05 0.3223101496696472 0.3223101496696472 29.496929931640626 0.0027111417148262262 -4.809573326712837 5.932749379271517  
2029-03-16 13.462716080539918 273.5543764858066 -0.8887512584346408 268.76988361372605 14.351467338974558 15.114847513825435 0.00014899411053004782 1.931577444076538 1.931577444076538 29.54225870768229 0.002706981962546706 -4.784492872080534 15.114847513825435  
2029-04-14 5.872464313461794 285.12223075095034 -0.8860055757491485 281.0497987602219 6.758469889210943 7.887385535114712 4.0646466933069145e-05 0.5727781057357788 0.5727781057357788 29.532157389322915 0.0027079079300165176 -4.0724319907284325 7.887385535114712  
2029-04-15 16.78607268725656 284.3068974093476 -0.8859129413085302 281.4452120716523 17.67198562856509 17.8959205106814 0.00020983361732422704 2.6649694442749023 2.6649694442749023 29.721405029296875 0.0026906656567007303 -2.8616853376952918 17.8959205106814  
2029-05-13 -0.8739569619706873 294.27971125799655 -0.8835603680262839 290.9494749432384 0.00960340605559662 3.3298477067252135 7.295306923831069e-06 0.09117693454027176 0.09117693454027176 29.75594685872396 0.0026875422336161137 -3.3302363147581673 3.3298477067252135  
2029-05-14 9.892214201348242 291.3008198741439 -0.8834891846485277 291.2186117172936 10.77570338599677 10.776013868705713 7.713610222224613e-05 1.0388942956924438 1.0388942956924438 30.03175252278646 0.002662860555574298 -0.08220815685029947 10.776013868705713  
2029-06-12 3.1420509427459455 294.7210507614061 -0.8819537261065971 296.1637779594095 4.024004668852543 4.274628040350372 1.2348704473634551e-05 0.20310543477535248 0.20310543477535248 30.534480794270834 0.002619018778204918 1.4427271980034106 4.274628040350372  
2029-06-13 13.364435634798959 288.6238228516057 -0.8819217095948627 296.2256321525332 14.246357344393822 16.116973115203837 0.00017707003860696933 2.1758055686950684 2.1758055686950684 30.899031575520834 0.0025881193578243256 7.601809300927471 16.116973115203837  
2029-07-12 6.163746695240274 285.8027907998504 -0.881618780033002 294.6756163430472 7.045365475273276 11.317998202459835 8.932873022517236e-05 1.0852550268173218 1.0852550268173218 31.56692911783854 0.0025333601515740156 8.872825543196768 11.317998202459835  
2029-07-13 15.464472063994112 276.77267966044656 -0.8816311063900197 294.51084485950975 16.346103170384133 23.969126579082488 0.0004017024847732232 4.558419704437256 4.558419704437256 31.92481892903646 0.0025049601681530476 17.73816519906319 23.969126579082488  
2029-08-10 0.18430898619415784 279.8567013160041 -0.8825271951926137 287.39597340489087 1.0668361813867715 7.614112743969638 4.132170388776635e-05 0.4662439227104187 0.4662439227104187 32.263142903645836 0.0024786924477666616 7.539272088886776 7.614112743969638  
2029-08-11 9.052284494770618 269.52571234727964 -0.8825794888284466 287.06528296603557 9.934863983599064 20.099359973625475 0.0002890118400157366 3.2080698013305664 3.2080698013305664 32.581870524088544 0.0024544449988752604 17.53957061875593 20.099359973625475  
2029-09-08 -4.34232734266828 271.8622107793143 -0.8845020269972466 276.41218227605333 -3.457825315671033 5.710471048612808 2.3667785775027086e-05 0.20440299808979034 0.20440299808979034 32.877740478515626 0.002432357519865036 4.549971496739033 5.710471048612808  
2029-09-09 4.7512260088412015 260.97308607237306 -0.8845858568971379 275.9957319819793 5.635811865738339 16.031254355260973 0.00018743501696192813 2.0449531078338623 2.0449531078338623 33.133538818359376 0.002413579262793064 15.02264590960624 16.031254355260973  
2029-09-10 13.737046359685248 249.7030553757986 -0.8846710208183515 275.57777904628784 14.6217173805036 29.513096426633687 0.0006291570740837801 6.71989107131958 6.71989107131958 33.24156697591146 0.0024057356640696526 25.87472367048923 29.513096426633687  
2029-10-08 1.9810953015451407 252.77948186099906 -0.8872683603328075 263.66751373767306 2.8683636618779484 11.257927199228394 9.359647350889129e-05 1.0183252096176147 1.0183252096176147 33.46759236653646 0.002389488508924842 10.888031876674006 11.257927199228394  
2029-10-09 11.874555372086675 242.0391733156941 -0.8873664375804207 263.2490417076047 12.761921809667095 24.630342882095213 0.00044394286710690414 4.756748199462891 4.756748199462891 33.469163004557295 0.0023893765173852444 21.209868391910618 24.630342882095213  
2029-11-06 -0.348530012513338 246.91013638266702 -0.8899825067542413 252.57774539367355 0.5414524942409034 5.693066970183195 2.3992583977480414e-05 0.26403433084487915 0.26403433084487915 33.49198811848958 0.002387748099863529 5.667609011006533 5.693066970183195  
2029-11-07 10.789520912048559 237.67798824761422 -0.8900676706754549 252.2510711060502 11.679588582724014 18.613187209384513 0.0002546792941673248 2.805356740951538 2.805356740951538 33.410359700520836 0.002393581671640277 14.573082858435981 18.613187209384513  
2029-12-06 8.726389702486276 238.65126288358437 -0.892014061145497 245.45186367411262 9.618403763631774 11.765881891745959 0.00010108879938108709 1.2064586877822876 1.2064586877822876 33.03496297200521 0.0024207814130932093 6.80060079052825 11.765881891745959  
2029-12-07 20.8009381361128 231.87074284921596 -0.8920605384483647 245.32678925003134 21.692998674561167 25.375463090996803 0.0004619281871280652 5.142572402954102 5.142572402954102 32.75847371419271 0.002441213233396411 13.456046400815382 25.375463090996803  
2030-01-04 4.120318446999362 245.39077446217604 -0.8926599409088863 245.31648932476298 5.012978387908248 5.013528081028048 1.801656535883354e-05 0.27434197068214417 0.27434197068214417 32.37991739908854 0.0024697533808648586 -0.07428513741305665 5.013528081028048  
2030-01-05 16.797928188108408 242.06059278893125 -0.8926569527011244 245.44145446581751 17.69058514080953 18.002047623032144 0.00022951204056852908 2.711806535720825 2.711806535720825 32.11776936848958 0.002489911625161767 3.380861676886269 18.002047623032144  
2030-02-03 9.701845730122585 255.14059629480244 -0.891843626581364 252.30164182666496 10.59368935670395 10.964264791615625 8.332832470156654e-05 1.0736768245697021 1.0736768245697021 31.339351399739584 0.002551756566390395 -2.838954468137473 10.964264791615625  
2030-02-04 21.860520749982513 254.36804725816063 -0.891792827049412 252.63296064292396 22.752313577031924 22.815264859639143 0.00035538636256305815 4.229413032531738 4.229413032531738 31.07967529296875 0.0025730766355991364 -1.7350866152366677 22.815264859639143  
2030-03-04 1.824511934162129 268.341903960333 -0.8898437685367254 263.48454663018674 2.7143557026988545 5.563778547597531 2.0930767128082206e-05 0.2813561260700226 0.2813561260700226 30.571248372395832 0.0026158690452575684 -4.857357330146272 5.563778547597531  
2030-03-05 13.479776185539317 268.44077777875816 -0.889759458389158 263.9105318683421 14.369535643928474 15.05488622798906 0.00015210191699379744 1.923485517501831 1.923485517501831 30.39444376627604 0.0026310854591429234 -4.530245910416056 15.05488622798906  
2030-04-03 5.722652651754027 280.42551947008275 -0.887082077595366 276.4351863531779 6.609734729349393 7.717842350695967 3.932869283745472e-05 0.5515389442443848 0.5515389442443848 29.842669677734374 0.002679732395336032 -3.9903331169048215 7.717842350695967  
2030-04-04 16.802851046952696 279.84391520187785 -0.8869869351946618 276.85660902496767 17.68983798214736 17.933473232313492 0.00021113709960365358 2.6750450134277344 2.6750450134277344 29.78153076171875 0.002685233484953642 -2.987306176910181 17.933473232313492  
2030-05-03 9.202519628206925 288.2653472032068 -0.8843615812324381 287.88124468504196 10.086881209439364 10.094134755669883 6.655127506161944e-05 0.918859601020813 0.918859601020813 29.525785319010417 0.002708492334932089 -0.3841025181648092 10.094134755669883  
2030-06-01 1.654218242680786 293.8979036833928 -0.8824249557984751 294.94764911731045 2.5366431984792612 2.745228196076576 4.9185662504496356e-06 0.09838538616895676 0.09838538616895676 29.493017578125 0.0027115014381706715 1.0497454339176215 2.745228196076576  
2030-06-02 11.516109605765346 289.2111098372001 -0.8823767709483148 295.09373320327865 12.39848637671366 13.707396252229312 0.00012309713597476383 1.6015901565551758 1.6015901565551758 29.661496988932292 0.0026960999239236116 5.882623366078519 13.707396252229312  
2030-07-01 3.425292697767439 289.5618537114586 -0.8815896983681766 296.0317913838882 4.306882396135616 7.76976664014121 3.995693021621964e-05 0.5268605947494507 0.5268605947494507 29.935015869140624 0.0026714655105024576 6.469937672429637 7.76976664014121  
2030-07-02 12.35507796321729 282.40559131046945 -0.8815850559739751 295.9487089628242 13.236663019191266 18.86665766234159 0.00023664488702233616 2.8802335262298584 2.8802335262298584 30.219828287760418 0.0026462881360203028 13.543117652354738 18.86665766234159  
2030-07-30 -3.3905780478674377 286.68240988192133 -0.8820285380223499 290.78254511992327 -2.508549509845088 4.803951835142646 1.5501831672082862e-05 0.14773446321487427 0.14773446321487427 30.409442138671874 0.0026297876611351967 4.10013523800194 4.803951835142646  
2030-07-31 4.966628404035425 278.0966162084052 -0.8820653036499916 290.5071245718317 5.848693707685416 13.707556907838763 0.00012740400352343942 1.519011378288269 1.519011378288269 30.751841227213543 0.0026005071122199297 12.410508363426516 13.707556907838763  
2030-08-01 13.31989511744766 269.0442113315504 -0.8821038835466316 290.2262945139174 14.201999000994292 25.351401429464225 0.0004366915326564216 5.029055595397949 5.029055595397949 31.100236002604166 0.002571375574916601 21.182083182367023 25.351401429464225  
2030-08-29 -0.27545589965663425 271.53619218985125 -0.8836851257003424 280.5644728385575 0.6082292260437081 9.048226652356023 5.679143438760276e-05 0.6410518884658813 0.6410518884658813 31.42283732096354 0.002544976770877838 9.028280648706243 9.048226652356023  
2030-08-30 8.246470729323562 261.7982002448673 -0.8837592972858606 280.16903220637045 9.130230026609423 20.462754139015377 0.0002920134944727248 3.3035831451416016 3.3035831451416016 31.782895914713542 0.0025161458179354668 18.370831961503143 20.462754139015377  
2030-09-27 -3.9504230409239955 264.01159134730165 -0.8861671524117016 268.4430454015626 -3.064255888512294 5.384036777055563 2.057186921398718e-05 0.18339556455612183 0.18339556455612183 32.1397216796875 0.0024882107973098755 4.431454054260939 5.384036777055563  
2030-09-28 5.329183809802987 254.11205176806854 -0.886262668338376 268.0147378990894 6.215446478141363 15.212973609572263 0.00016564789802163657 1.8585898876190186 1.8585898876190186 32.49109700520833 0.002461302326992154 13.902686131020886 15.212973609572263  
2030-09-29 14.61653822948288 243.7699432513753 -0.8863589846778438 267.58681288720976 15.502897214160724 28.209675917416835 0.0005674217138725951 6.179450035095215 6.179450035095215 32.74489135742188 0.0024422258138656616 23.81686963583445 28.209675917416835  
2030-10-27 3.361627650740104 247.90193449166622 -0.8890557888220881 256.18222746398607 4.250683439562192 9.304189350618929 6.331452281038236e-05 0.7331042289733887 0.7331042289733887 33.09814453125 0.002416160423308611 8.280292972319842 9.304189350618929  
2030-10-28 13.965341163824693 238.31248550075173 -0.8891490635929411 255.8115940788645 14.854490227417633 22.827806200694237 0.0003801954733461666 4.151330947875977 4.151330947875977 33.27573852539062 0.002403265330940485 17.499108578112754 22.827806200694237  
2030-11-25 0.8462707368091877 245.24343362140053 -0.891388992114735 247.40343996528202 1.7376597289239228 2.772140387616381 5.689942359538332e-06 0.09360218048095703 0.09360218048095703 33.46568196614583 0.002389624947682023 2.1600063438814914 2.772140387616381  
2030-11-26 12.989086857829138 237.48065042211422 -0.8914525982513808 247.19123964814807 13.880539456080518 16.895070997048116 0.00021127053395802244 2.3805723190307617 2.3805723190307617 33.56423746744792 0.00238260836340487 9.710589226033846 16.895070997048116  
2030-12-25 9.814938294852364 242.60747237539584 -0.8926018309400883 244.52902315497386 10.707540125792452 10.877062987325715 8.771079521013709e-05 1.0725839138031006 1.0725839138031006 33.50934041341146 0.002386511769145727 1.9215507795780127 10.877062987325715  
2031-01-23 3.9888902394426844 252.28921088237556 -0.8923287834558464 248.9641928321433 4.881219022898531 5.9048543315385915 2.5534025325479652e-05 0.3485397398471832 0.3485397398471832 33.090596516927086 0.002416711300611496 -3.325018050232245 5.9048543315385915  
2031-01-24 17.549266072282737 250.21160394064106 -0.892294845953408 249.23007843615355 18.441560918236146 18.466881211507697 0.000247309262140627 2.8552558422088623 2.8552558422088623 32.891058349609374 0.00243137264624238 -0.9815255044875073 18.466881211507697  
2031-02-22 10.364647287180624 263.39105500082763 -0.8906679269096227 259.2337100983376 11.255315214090247 11.991301092664212 0.00010233155973672127 1.266161561012268 1.266161561012268 32.186659749348955 0.0024845823645591736 -4.157344902490024 11.991301092664212  
2031-03-23 3.414207727631332 275.4837683225518 -0.8881578857504959 271.6074993647862 4.302365613381828 5.7897676672412 2.327452632727216e-05 0.3252137005329132 0.3252137005329132 31.37960408528646 0.0025484832003712654 -3.8762689577656033 5.7897676672412  
2031-03-24 15.693616372911578 274.88724692119956 -0.8880635437625851 272.0418720752423 16.58167991667416 16.81830204679091 0.00019432664841294325 2.3805055618286133 2.3805055618286133 31.138275146484375 0.002568234223872423 -2.8453748459572807 16.81830204679091  
2031-04-22 8.500429115495683 284.3909633776521 -0.8853291202170528 283.94456953425674 9.385758235712736 9.396296460039206 5.944242332899458e-05 0.8103046417236328 0.8103046417236328 30.427632649739582 0.002628215355798602 -0.4463938433953558 9.396296460039206  
2031-04-23 19.824955330136756 282.3697191569485 -0.8852400609535782 284.31536684391835 20.710195391090334 20.797878637855145 0.00028798078337211643 3.5445005893707275 3.5445005893707275 30.260858154296876 0.0026427002158015966 1.945647686969835 20.797878637855145  
2031-05-21 1.1909981215434005 291.51627136132277 -0.8830586159265524 292.8246897194871 2.074056737469953 2.4522439980490294 3.972251390604528e-06 0.08091821521520615 0.08091821521520615 29.852701822916668 0.0026788318064063787 1.3084183581643174 2.4522439980490294  
2031-05-22 11.59040242714122 287.6640719901922 -0.8829958102027 293.04784566004975 12.47339823734392 13.572086295588045 0.00012115564532627885 1.5749610662460327 1.5749610662460327 29.774934895833333 0.0026858283672481775 5.383773669857533 13.572086295588045  
2031-06-20 3.1743496266704665 290.223343872196 -0.8817455654194704 296.4370401677234 4.056095192089937 7.418248051040652 3.5874492882587773e-05 0.4815853536128998 0.4815853536128998 29.482450358072917 0.0027124732732772827 6.213696295527427 7.418248051040652  
2031-06-21 12.297530204365348 284.22772185648876 -0.881724221078314 296.44053722457846 13.179254425443663 17.907911316876802 0.0002085486552294017 2.6104674339294434 2.6104674339294434 29.536112467447918 0.002707545179873705 12.212815368089707 17.907911316876802  
2031-07-19 -4.241970946306459 289.79692150193375 -0.8817092800395047 293.47740991733014 -3.3602616662669544 4.980592140791351 1.6117602031986144e-05 0.150107279419899 0.150107279419899 29.421695963541666 0.00271807424724102 3.6804884153963826 4.980592140791351  
2031-07-20 3.994403909650177 282.4560254273008 -0.881730090772132 293.26900718537473 4.876134000422309 11.854959078711039 9.168632342606099e-05 1.1432920694351196 1.1432920694351196 29.561700439453126 0.002705201506614685 10.812981758073931 11.854959078711039  
2031-07-21 12.168644534727207 274.82307046375814 -0.8817526624129048 293.05421139635615 13.050397197140112 22.31540892493794 0.0003247138575239408 3.934424638748169 3.934424638748169 29.750211588541667 0.0026880602817982435 18.23114093259801 22.31540892493794  
2031-08-18 -2.197573664977052 278.1549460239171 -0.8829265478156479 284.8077961623196 -1.314647117161404 6.778993553732189 3.0267259231063417e-05 0.33944788575172424 0.33944788575172424 29.823994954427082 0.0026814101729542017 6.652850138402528 6.778993553732189  
2031-08-19 5.750495064131938 269.81293546225703 -0.8829878594356193 284.44710753262956 6.633482923567557 16.047844433205196 0.00017058904267122182 2.0534353256225586 2.0534353256225586 30.08935546875 0.0026577627286314964 14.634172070372529 16.047844433205196  
2031-08-20 13.678053162050203 261.06556683373503 -0.8830507185203246 284.0828398838145 14.561103880570528 27.059552196611 0.0004850370893817394 5.687412738800049 5.687412738800049 30.388702392578125 0.0026315823197364807 23.01727305007944 27.059552196611  
2031-09-17 1.5303046305932972 263.49481923469847 -0.8852155149612484 272.8257592259063 2.4155201455545456 9.637713928713456 6.283058526131903e-05 0.7496901154518127 0.7496901154518127 30.634415690104166 0.002610475057736039 9.330939991207856 9.637713928713456  
2031-09-18 9.937136355519415 254.5383375345474 -0.885306068328604 272.3997466669943 10.82244242384802 20.81322148282346 0.00029450528220222657 3.4303629398345947 3.4303629398345947 30.982110595703126 0.0025811793748289347 17.86140913244691 20.81322148282346  
2031-10-16 -1.702758262677951 257.35409668026347 -0.887983022235573 260.5686022697249 -0.8147752404423779 3.315340135145889 7.610338795746374e-06 0.07912716269493103 0.07912716269493103 31.321048990885416 0.0025532476138323545 3.214505589461453 3.315340135145889  
2031-10-17 7.678737721549285 248.60120925889214 -0.8880805658746572 260.1644736369136 8.566818287423942 14.36585060059832 0.00014432185260469614 1.699910044670105 1.699910044670105 31.704278564453126 0.002522385213524103 11.563264378021472 14.36585060059832  
2031-11-15 5.367630944640989 245.2658912833915 -0.8906701147045912 249.96915954586228 6.25830105934558 7.82504172801065 4.3956037576035285e-05 0.5683917999267578 0.5683917999267578 32.446661376953124 0.002464673016220331 4.703268262470772 7.82504172801065  
2031-11-16 16.31305135138191 237.0449116738241 -0.8907472744978712 249.68914911064846 17.203798625879784 21.253468112430095 0.0003251956794632342 3.6642119884490967 3.6642119884490967 32.75650227864583 0.0024413601495325565 12.644237436824369 21.253468112430095  
2031-12-14 1.4460636386912988 246.29883445195088 -0.8923292103426695 244.71939418752046 2.3383928490339683 2.8217490533342264 5.825222017310892e-06 0.10443870723247528 0.10443870723247528 33.06147867838542 0.0024188398383557796 -1.579440264430417 2.8217490533342264  
2031-12-15 14.044627707257494 240.1886291827275 -0.8923634680102255 244.65781320196362 14.93699117526772 15.579122970223167 0.0001786048180166065 2.0730857849121094 2.0730857849121094 33.32483723958333 0.002399724442511797 4.46918401923611 15.579122970223167  
2032-01-13 9.165805653870814 248.45832170145547 -0.8925967616590637 246.64203779736567 10.058402415529878 10.219816954390389 7.765260262233518e-05 0.9582407474517822 0.9582407474517822 33.59974975585938 0.0023800900671631098 -1.8162839040898007 10.219816954390389  
2032-01-14 22.946073450623903 244.83509759206046 -0.8925798462686974 246.83519554709363 23.838653296892602 23.918051975291604 0.0004221100523743314 4.64996337890625 4.64996337890625 33.606170654296875 0.0023796353489160538 2.0000979550331692 23.918051975291604  
2032-02-11 2.769051964294022 259.2987608199928 -0.8914403252552159 254.90976322161268 3.660492289549238 5.714092080661927 2.420306694028803e-05 0.313968300819397 0.313968300819397 33.50528361002604 0.0023868007119745016 -4.3889975983801435 5.714092080661927  
2032-02-12 16.843540191385756 257.84073399824854 -0.8913788001918329 255.27577939885532 17.73491899157759 17.91437712391659 0.0002366374383694179 2.6998307704925537 2.6998307704925537 33.42996012369792 0.002392178401350975 -2.564954599393218 17.91437712391659  
2032-03-12 10.407722728954955 269.88284927860127 -0.8891074954885392 267.1504730822727 11.296830224443493 11.619305160944567 9.833354071496115e-05 1.2044860124588013 1.2044860124588013 32.93115030924479 0.002428412437438965 -2.7323761963285733 11.619305160944567  
2032-04-10 4.334977632234523 280.3275199158714 -0.8863633602677808 279.5534682376122 5.221340992502304 5.2783124032925 1.986583539867064e-05 0.297723650932312 0.297723650932312 32.21159871419271 0.0024826587177813053 -0.774051678259184 5.2783124032925  
2032-04-11 17.197226169629232 278.631693227984 -0.8862691783624287 279.9589082667442 18.08349534799166 18.13073552524162 0.0002315569772464119 2.750692844390869 2.750692844390869 31.94658203125 0.0025032537523657084 1.3272150387601869 18.13073552524162  
2032-05-09 -1.7512289135663581 288.93741049677936 -0.8838373108527868 289.8963144147358 -0.8673916027135713 1.2928040721162979 1.160363650616317e-06 0.007106115110218525 0.007106115110218525 31.399383544921875 0.002546877833083272 0.9589039179564338 1.2928040721162979  
2032-05-10 10.108522023494315 285.6500677700089 -0.883761965328505 290.1862696053812 10.99228398882282 11.883193283330789 9.729564335462684e-05 1.2376148700714111 1.2376148700714111 31.165311686197917 0.0025660062674432993 4.53620183537231 11.883193283330789  
2032-06-08 2.5490048270207795 290.0584357848752 -0.8820843001136207 295.86327695668564 3.4310891271344 6.741774886752054 3.0585795742239075e-05 0.40194469690322876 0.40194469690322876 30.430623372395832 0.00262795714661479 5.804841171810438 6.741774886752054  
2032-06-09 12.793282409797799 284.72375751477176 -0.8820467340731857 295.9535993782699 13.675329143870984 17.63941525743159 0.00020734372717926675 2.549151659011841 2.549151659011841 30.25233154296875 0.0026434448082000017 11.229841863498166 17.63941525743159  
2032-07-08 4.45391385068607 284.81599238932364 -0.8815805203014794 295.2241078541559 5.33549437098755 11.688119852487683 8.96930586451781e-05 1.1198831796646118 1.1198831796646118 29.743581136067707 0.0026886595878750086 10.408115464832235 11.688119852487683  
2032-07-09 13.21475630800636 277.88392411765096 -0.8815869769646791 295.08564625930137 14.096343284971038 22.127704657804525 0.00031872344499361095 3.8840150833129883 3.8840150833129883 29.684464518229166 0.0026940139941871166 17.201722141650407 22.127704657804525  
2032-08-06 -2.0900013872005245 282.2436885063835 -0.8823316810276222 288.5854371884703 -1.2076697061729025 6.453503998709519 2.7087930094668943e-05 0.3080030381679535 0.3080030381679535 29.447210693359374 0.002715719398111105 6.341748682086802 6.453503998709519  
2032-08-07 5.96155047080627 274.63116946883747 -0.882378585217313 288.27179490178327 6.843929056023583 15.241947946650752 0.0001508702362178036 1.863464593887329 1.863464593887329 29.480072021484375 0.0027126921340823174 13.640625432945797 15.241947946650752  
2032-08-08 13.87145082217276 266.74271078882293 -0.8824272503151493 287.9535080864607 14.75387807248791 25.674771462574483 0.00042557657380102643 5.146458148956299 5.146458148956299 29.563618977864582 0.00270502595230937 21.210797297637782 25.674771462574483  
2032-09-05 0.9026802553081181 269.6618243570597 -0.884258594786359 277.5383985079184 1.7869388500944772 8.076425363227912 4.252611799325112e-05 0.5286386609077454 0.5286386609077454 29.510770670572917 0.0027098702266812325 7.876574150858687 8.076425363227912  
2032-09-06 8.773877446464436 261.5999061928835 -0.8843399700870174 277.12667470475 9.658217416551453 18.238335615173465 0.0002171188572107538 2.6560287475585938 2.6560287475585938 29.682598876953126 0.002694183262065053 15.526768511866464 18.238335615173465  
2032-10-05 5.189523516749151 256.1869539548917 -0.886981439026814 264.8177449146599 6.076504955775965 10.547010025465257 7.37976585081619e-05 0.9383034110069275 0.9383034110069275 30.028511555989585 0.0026631481014192104 8.630790959768206 10.547010025465257  
2032-10-06 13.523993976452333 247.88302852804364 -0.8870793561918685 264.3957758277365 14.411073332644202 21.80707438987984 0.00031633164893454677 3.7880775928497314 3.7880775928497314 30.318658447265626 0.0026376619935035706 16.512747299692847 21.80707438987984  
2032-11-03 1.5986517722966762 252.09266535881926 -0.8897316040239491 253.49730742201072 2.488383376320625 2.8573852899709595 5.523009435355483e-06 0.10426434129476547 0.10426434129476547 30.569085693359376 0.0026160539127886295 1.40464206319146 2.8573852899709595  
2032-11-04 10.946834682785939 244.38711914477767 -0.889819542709513 253.157683095721 11.836654225495451 14.7023380782342 0.00014752996876434522 1.8149244785308838 1.8149244785308838 30.923309326171875 0.0025860874447971582 8.770563950943341 14.7023380782342  
2032-12-03 7.2060681404168925 244.49003643519143 -0.891879805239624 245.83845238113534 8.097947945656516 8.208923262472378 4.719253686744785e-05 0.6390726566314697 0.6390726566314697 31.643003336588542 0.002527269534766674 1.3484159459439127 8.208923262472378  
2032-12-04 18.16184354082638 237.68645768218505 -0.8919310850192519 245.6911388611165 19.05377462584563 20.616880943720027 0.00029938958589016755 3.4844555854797363 3.4844555854797363 32.013222249348956 0.0024980430025607347 8.004681178931463 20.616880943720027  
2033-01-01 1.2757109301066587 248.99727826848283 -0.8926725340701686 245.02038696386458 2.168383464176827 4.52941587328928 1.4683195019904364e-05 0.1967558115720749 0.1967558115720749 32.35545043945312 0.0024716209154576063 -3.976891304618249 4.52941587328928  
2033-01-02 13.810639940444844 244.44025801652037 -0.8926746151434313 245.12229338628117 14.703314555588275 14.718835470142478 0.00015663328983251922 1.8694446086883545 1.8694446086883545 32.72455851236979 0.002443743171170354 0.682035369760797 14.718835470142478  
2033-01-31 7.614342698054405 254.41757979002156 -0.8919939974648101 251.42519195236895 8.506336695519215 9.014700654499327 5.9814729021418896e-05 0.7573203444480896 0.7573203444480896 33.26092325846354 0.002404335653409362 -2.9923878376526147 9.014700654499327  
2033-02-01 21.389905348243 251.8712852674408 -0.8919473067185307 251.74205808834415 22.281852654961533 22.282210737693315 0.0003650608705936593 4.069824695587158 4.069824695587158 33.44002075195313 0.002391458721831441 -0.12922717909665948 22.282210737693315  
2033-03-01 1.3053824457999577 265.34478963177474 -0.8900842659007039 262.33103696239834 2.1954667117006617 3.7284727984555284 1.0306235408339966e-05 0.1481781303882599 0.1481781303882599 33.50939737955729 0.0023865075781941414 -3.0137526693764016 3.7284727984555284  
2033-03-02 15.496872773869361 264.03538772636995 -0.8900020901872522 262.7524869549448 16.38687486405661 16.43585310430574 0.00020038070469742352 2.301711082458496 2.301711082458496 33.59927571614583 0.002380123594775796 -1.2829007714251475 16.43585310430574  
2033-03-31 9.841596523182924 274.72138260739496 -0.8873495755509072 275.27695019448385 10.72894609873383 10.743190660835262 8.533936893109119e-05 1.050521969795227 1.050521969795227 33.418505859375 0.0023929981980472803 0.5555675870888876 10.743190660835262  
2033-04-29 4.2235751124375 283.58710475385493 -0.8846735287784373 286.633423765194 5.108248641215937 5.946448498477651 2.5769739239709004e-05 0.35543641448020935 0.35543641448020935 32.92875569661458 0.002428589155897498 3.046319011339051 5.946448498477651  
2033-04-30 17.50652616355138 280.6742749596546 -0.8845894320742815 286.9738677141841 18.391115595625664 19.40959782943324 0.0002713855319637958 3.1201868057250977 3.1201868057250977 32.703253173828124 0.002445335267111659 6.299592754529499 19.40959782943324  
2033-05-28 -1.652430547387241 290.21481979611184 -0.8826179620033808 294.33749465837485 -0.7698125853838601 4.192898551940139 1.2520262310956851e-05 0.13036426901817322 0.13036426901817322 32.22148640950521 0.00248189689591527 4.122674862263011 4.192898551940139  
2033-05-29 10.461841732843551 285.47641704055053 -0.8825647078721959 294.5101345198361 11.344406440715748 14.47282085546175 0.00014785575139640637 1.7629505395889282 1.7629505395889282 31.978033447265624 0.0025007918011397123 9.033717479285542 14.47282085546175  
2033-06-27 3.348543356167887 287.39452540478686 -0.8816245963659671 296.2719135143492 4.230167952533854 9.830052029084428 6.658069013233778e-05 0.8046128153800964 0.8046128153800964 31.191217041015626 0.0025638751685619354 8.877388109562332 9.830052029084428  
2033-06-28 13.626442545134294 280.7798970049797 -0.8816144578039179 296.2172446802324 14.508057002938212 21.083972459270296 0.00030196672347571144 3.5611793994903564 3.5611793994903564 30.93343302408854 0.0025852411054074764 15.437347675252681 21.083972459270296  
2033-07-26 -2.5373160254733604 286.2515342283202 -0.8819097567638151 291.7577868503744 -1.6554062687095454 5.7471901081017 2.222773085270076e-05 0.23570580780506134 0.23570580780506134 30.465777587890624 0.0026249249931424856 5.506252622054149 5.7471901081017  
2033-07-27 6.531525488175603 278.7401019904904 -0.8819412930278736 291.50340328492643 7.413466781203477 14.738901522956898 0.00014496762417713145 1.7596575021743774 1.7596575021743774 30.27554931640625 0.002641417784616351 12.763301294436019 14.738901522956898  
2033-07-28 15.282066739567044 271.0101856614902 -0.8819745902000774 291.24325503981896 16.164041329767123 25.71661671392143 0.0004349662923076258 5.181669235229492 5.181669235229492 30.10575154622396 0.002656315453350544 20.233069378328764 25.71661671392143  
2033-08-25 1.3989275427336887 274.5964447870971 -0.8834225369432672 282.0132652445439 2.282350079676956 7.759525544944194 3.9615394527218985e-05 0.49735936522483826 0.49735936522483826 29.77425333658854 0.002685889834538102 7.416820457446818 7.759525544944194  
2033-08-26 9.559955380304741 266.687031086709 -0.8834923862997012 281.6280425753552 10.443447766604443 18.17660486466032 0.00021581910990234443 2.648686408996582 2.648686408996582 29.69757080078125 0.00269282516092062 14.941011488646211 18.17660486466032  
2033-09-24 5.3763556575320335 261.60690030659356 -0.8859046170154793 269.6116361270384 6.262260274547513 10.15525872497788 6.720140453767282e-05 0.8772260546684265 0.8772260546684265 29.488043212890624 0.0027119589503854513 8.004735820444864 10.15525872497788  
2033-09-25 13.276482435083057 253.60380373154956 -0.8859987989208313 269.1830007754851 14.162481234003888 20.95651282712471 0.00028495925986714104 3.508445978164673 3.508445978164673 29.551188151041668 0.00270616402849555 15.579197043935523 20.95651282712471  
2033-10-23 1.2806687936704417 257.1224986258867 -0.8886912808359916 257.59569413158516 2.169360074506433 2.220365002943249 3.217795859744099e-06 0.07348808646202087 0.07348808646202087 29.49599609375 0.0027112276293337345 0.47319550569847024 2.220365002943249  
2033-10-24 9.593896297837826 249.62530050228716 -0.8887858362673139 257.2123565946074 10.48268213410514 12.921126511600182 0.0001093462062597341 1.4180030822753906 1.4180030822753906 29.651947021484375 0.0026969683822244406 7.587056092320239 12.921126511600182  
2033-11-22 4.833201512372872 248.1083701291407 -0.8911906498245402 248.02108031154793 5.724392162197412 5.725056612967099 2.1740353246299733e-05 0.33596858382225037 0.33596858382225037 29.966487630208334 0.002668660134077072 -0.08728981759276166 5.725056612967099  
2033-11-23 14.101143253771118 241.3045181685675 -0.8912579912208883 247.78964618171122 14.992401244992006 16.310280022110934 0.00017753150864667578 2.227917432785034 2.227917432785034 30.250734456380208 0.002643584506586194 6.485128013143708 16.310280022110934  
2033-12-22 8.378320701061487 245.03300915345076 -0.8925385449685599 244.47522858507085 9.270859246030046 9.287515005347919 5.8836919316556376e-05 0.7955419421195984 0.7955419421195984 30.825846354166668 0.002594263991340995 -0.5577805683799113 9.287515005347919  
2033-12-23 19.172388811549983 239.60554959366186 -0.8925586620100997 244.48806934071047 20.064947473560082 20.62965860038224 0.0002921145181055514 3.4942986965179443 3.4942986965179443 31.1926513671875 0.0025637573562562466 4.882519747048605 20.62965860038224  
2034-01-20 0.7976651896846729 252.26418506925663 -0.8924094117045643 248.2725678767878 1.6900746013892372 4.334541156249807 1.3090787998789558e-05 0.17531317472457886 0.17531317472457886 31.501912434895832 0.002538588596507907 -3.991617192468823 4.334541156249807  
2034-01-21 12.954289605328862 249.0000923064209 -0.8923803300397389 248.52009393230907 13.8466699353686 13.854854612427827 0.00013536336372964902 1.6658213138580322 1.6658213138580322 31.908998616536458 0.0025062020868062973 -0.47999837411182966 13.854854612427827  
2034-02-19 6.206725233705756 259.7022610754005 -0.8908745934928685 258.1425463972931 7.097599827198624 7.266376565273061 3.809598092974858e-05 0.5170559883117676 0.5170559883117676 32.59584147135417 0.002453393070027232 -1.5597146781074116 7.266376565273061  
2034-02-20 19.58799386971421 257.8747483403152 -0.8908034101151122 258.53907985974735 20.478797279829323 20.48916466782882 0.0003042061325696029 3.471919298171997 3.471919298171997 32.91221923828125 0.002429809421300888 0.6643315194321531 20.48916466782882  
2034-03-20 0.11768626715300888 270.4649726411831 -0.8884293857700039 270.4174618453165 1.0061156529230126 1.0072368048262446 7.435428755894674e-07 0.030918898060917854 0.030918898060917854 33.127618408203126 0.0024140106979757547 -0.04751079586662854 1.0072368048262446  
2034-03-21 14.056369656214393 269.1348069607015 -0.8883361109991509 270.8529820275532 14.944705767213543 15.041286666226993 0.00016683663456644495 1.9497604370117188 1.9497604370117188 33.38073527018229 0.002395706018432975 1.7181750668516997 15.041286666226993  
2034-04-19 8.764404827859275 278.7300479520321 -0.8855926161086272 282.9126372336945 9.649997443967901 10.51152778426257 8.202883707233531e-05 0.9980295300483704 0.9980295300483704 33.560072835286455 0.002382903825491667 4.182589281662388 10.51152778426257  
2034-04-20 22.792578609406206 276.3726218203806 -0.8855021694629774 283.2930787704642 23.678080778869184 24.61866852974207 0.00044586494380308074 4.898411273956299 4.898411273956299 33.53670857747396 0.0023845641408115625 6.920456950083633 24.61866852974207  
2034-05-18 3.3298250093040553 286.21795701836044 -0.883250288110136 292.181613748752 4.213075297414191 7.2995148672028085 3.9362003245171974e-05 0.4798532724380493 0.4798532724380493 33.40255126953125 0.002394141163676977 5.963656730391563 7.2995148672028085  
2034-05-19 16.789945404515958 282.1373834421414 -0.8831843874568159 292.42206372829315 17.673129791972773 20.376715430482736 0.00030405342417343177 3.4024460315704346 3.4024460315704346 33.28093668619792 0.0024028897751122713 10.28468028615174 20.376715430482736  
2034-06-16 -1.9911126277366105 290.84737727552505 -0.8818503127736949 296.3534932937958 -1.1092623149629155 5.614942347534725 2.294201325014589e-05 0.23188503086566925 0.23188503086566925 32.938629150390625 0.002427861327305436 5.506116018270745 5.614942347534725  
2034-06-17 10.28618805041104 284.7735905749562 -0.8818232588212793 296.38600499424507 11.16801130923232 16.06954632943664 0.0001864149826352742 2.1321866512298584 2.1321866512298584 32.743308512369794 0.002442343859001994 11.612414419288882 16.06954632943664  
2034-07-16 4.519259551136051 284.18351687218046 -0.8816697930083656 294.0108203707515 5.400929344144417 11.206091555057398 8.882559503467338e-05 1.0434973239898682 1.0434973239898682 32.031884765625 0.0024965875782072544 9.827303498571041 11.206091555057398  
2034-07-17 14.957344178499005 276.39677336928577 -0.8816869218421435 293.82031273442146 15.839031100341149 23.40651687630921 0.00038089093682570934 4.35092830657959 4.35092830657959 31.727457682291668 0.002520542126148939 17.423539365135696 23.40651687630921  
2034-08-14 0.25836887410695153 280.7076062828043 -0.8827173732723163 286.1172527092378 1.1410862473792678 5.528515319188496 2.112768805505167e-05 0.2569398283958435 0.2569398283958435 31.26734619140625 0.0025576327461749315 5.409646426433483 5.528515319188496  
2034-08-15 9.5872855284949 272.39805278008015 -0.8827737756938218 285.77082551453475 10.470059304188723 16.938539688494824 0.0001959080863238925 2.3287880420684814 2.3287880420684814 31.0044189453125 0.0025793223176151514 13.3727727344546 16.938539688494824  
2034-09-13 5.60209810535601 267.12063881597805 -0.8848857448903837 274.4046257544465 6.486983850246394 9.746311888988627 6.372465956556624e-05 0.8211312890052795 0.8211312890052795 30.348738606770834 0.002635047771036625 7.283986938468445 9.746311888988627  
2034-09-14 13.940574897894228 258.68519126647226 -0.8849732033282717 273.98202829011944 14.8255481012225 21.199168736068323 0.0002976426617614347 3.596162796020508 3.596162796020508 30.164072672526043 0.002651179675012827 15.296837023647186 21.199168736068323  
2034-10-12 1.772079026503174 261.8634148910626 -0.8876075219137809 262.093592266092 2.659686548416955 2.6696255768466997 4.703965984803573e-06 0.09751683473587036 0.09751683473587036 29.824981689453125 0.0026813216973096132 0.23017737502942737 2.6696255768466997  
2034-10-13 9.969525112563616 253.9336745477045 -0.8877050121920123 261.6816498968702 10.857230124755628 13.317350383776382 0.00011645536690027071 1.5016283988952637 1.5016283988952637 29.7331787109375 0.00268960022367537 7.747975349165728 13.317350383776382  
2034-11-11 5.08188101609022 250.9661759193874 -0.8903528844341558 251.06565079445946 5.972233900524376 5.973060459239047 2.3282340390534164e-05 0.35990282893180847 0.35990282893180847 29.483123779296875 0.002712411340326071 0.09947487507204755 5.973060459239047  
2034-11-12 13.493139450650448 243.74876966494827 -0.8904336194045795 250.7641662444951 14.383573070055027 15.976356154158214 0.0001662932046047658 2.1336374282836914 2.1336374282836914 29.53206583658854 0.0027079160790890455 7.015396579546831 15.976356154158214  
2034-12-11 7.185808945564989 245.29466004017561 -0.8922042925860524 244.93306982551513 8.07801323815104 8.086064799952482 4.2816371277064734e-05 0.6149877309799194 0.6149877309799194 29.590464274088543 0.0027025719173252583 -0.361590214660481 8.086064799952482  
2034-12-12 16.502956223517653 239.34772361287222 -0.8922432993695155 244.84799298921345 17.395199522887168 18.22212971595427 0.00021794415910695935 2.7501628398895264 2.7501628398895264 29.785687255859376 0.002684858627617359 5.500269376341237 18.22212971595427  
2035-01-10 9.125221523596245 246.44551959456606 -0.892620026990924 246.1544442528968 10.01784155058717 10.02203699028043 6.69948452657675e-05 0.9102035164833069 0.9102035164833069 30.14969685872396 0.0026524437125772238 -0.29107534166925575 10.02203699028043  
2035-01-11 19.777499175783507 242.31402012789542 -0.8926081275207294 246.32626449165767 20.67010730330424 21.041229955051847 0.0002967110411267605 3.6229193210601807 3.6229193210601807 30.46835734049479 0.002624702639877796 4.01224436376225 21.041229955051847  
2035-02-08 0.8616360477599248 255.62537580133326 -0.8916008880615641 253.93031409463285 1.753236935821489 2.4386126886413546 4.038379219796541e-06 0.07700181752443314 0.07700181752443314 30.69247029622396 0.0026055374182760715 -1.6950617067004146 2.4386126886413546  
2035-02-09 12.565850770814714 253.4222846241673 -0.8915435785055594 254.28447306347636 13.457394349320275 13.484571345515766 0.00012489397216195055 1.5786958932876587 1.5786958932876587 31.078621419270835 0.0025731639470905066 0.8621884393090511 13.484571345515766  
2035-03-10 5.718336825972226 264.5604380282472 -0.8893664557076179 265.96477956311514 6.607703281679844 6.7548639972227305 3.20986890183168e-05 0.4524093270301819 0.4524093270301819 31.781644694010417 0.0025162447709590197 1.4043415348679673 6.7548639972227305  
2035-03-11 18.508627612913557 263.2811709174605 -0.8892784103003482 266.39745838665715 19.397906023213906 19.63835277184034 0.00027327058227843043 3.1969730854034424 3.1969730854034424 32.168625895182295 0.002485975157469511 3.1162874691966636 19.63835277184034  
2035-04-08 -0.41683577287530005 275.31298627254483 -0.8866463862315133 278.4329074023799 0.4698106133562132 3.154874355200438 7.145991517944061e-06 0.09077231585979462 0.09077231585979462 32.464943440755206 0.0024632851127535105 3.1199211298350633 3.154874355200438  
2035-04-09 12.982967862106454 273.9352551546832 -0.8865516707176322 278.84484977160173 13.869519532824086 14.69964373762387 0.00015669929169078795 1.854439616203308 1.854439616203308 32.83102010091146 0.002435819013044238 4.909594616918525 14.69964373762387  
2035-05-08 7.610943825168677 282.6328726852908 -0.8839937648734624 289.38175528342373 8.49493759004214 10.83838380615555 8.651385442887963e-05 1.0327264070510864 1.0327264070510864 33.310693359375 0.0024007433094084263 6.748882598132923 10.83838380615555  
2035-05-09 21.35976030834115 279.5915806931809 -0.8839171386887114 289.681026852097 22.243677447029864 24.330837692764376 0.0004344082846961851 4.775923728942871 4.775923728942871 33.45491943359375 0.002390393754467368 10.089446158916076 24.330837692764376  
2035-06-06 2.4139581133078756 288.62950556899517 -0.882210658613266 295.5779116531625 3.2961687719211414 7.689151669757123 4.3793386649037995e-05 0.5105772018432617 0.5105772018432617 33.50648803710938 0.0023867147974669933 6.948406084167345 7.689151669757123  
2035-06-07 15.693319259682681 283.4349827806604 -0.8821689837871582 295.68877928377015 16.575488243469838 20.52593975125593 0.00031071384799822546 3.435075044631958 3.435075044631958 33.53213907877604 0.0023848891723901033 12.253796503109754 20.52593975125593  
2035-07-05 -1.8574407030375835 290.9265528283838 -0.8815756644638664 295.67481837710665 -0.9758650385737171 4.8461165185463395 1.7323898489788267e-05 0.17239877581596375 0.17239877581596375 33.38254191080729 0.0023955763317644596 4.748265548722827 4.8461165185463395  
2035-07-06 10.347862951068963 283.63147366270334 -0.8815761447115423 295.56348629363544 11.229439095780506 16.341296916854784 0.00019598900973459704 2.202414035797119 2.202414035797119 33.294620768229166 0.0024019023403525352 11.932012630932093 16.341296916854784  
2035-08-04 6.253706689911689 280.4686316241239 -0.8822070300752693 289.4144582291697 7.1359137199869584 11.431065918947095 9.467624272204049e-05 1.11004638671875 1.11004638671875 32.7969970703125 0.00243834569118917 8.945826605045852 11.431065918947095  
2035-08-05 16.770197620078157 271.50903535771124 -0.8822503590878167 289.1141211509859 17.652447979165974 24.759388561266064 0.0004361438841503766 4.861593723297119 4.861593723297119 32.50160319010417 0.002460506744682789 17.605085793274668 24.759388561266064  
2035-09-02 3.255930259890745 274.98101175812553 -0.8839565723589976 279.05475514517457 4.139886832249743 5.806856326146501 2.3966107623825163e-05 0.3262701630592346 0.3262701630592346 32.12304484049479 0.002489502541720867 4.073743387049035 5.806856326146501  
2035-09-03 12.791094187942456 265.7308046029072 -0.8840343191216593 278.65048990857986 13.675128507064114 18.743341412321644 0.0002460988436223362 2.8597006797790527 2.8597006797790527 31.828438313802085 0.002512545557692647 12.919685305672658 18.743341412321644  
2035-10-01 0.34625174421874205 268.64650307655893 -0.8865147983682847 266.82603909669706 1.2327665425870267 2.1985407453688426 3.3539689975355125e-06 0.0618889220058918 0.0618889220058918 31.365423583984374 0.0025496352463960648 -1.82046397986187 2.1985407453688426  
2035-10-02 9.261873972094337 259.6875898290633 -0.8866112214294583 266.3996713679482 10.148485193523795 12.15253597142948 0.00010152818766614668 1.2745361328125 1.2745361328125 31.108247884114583 0.002570713171735406 6.712081538884888 12.15253597142948  
2035-10-31 4.934273797937074 254.83135264994092 -0.8893889739875378 254.802911742237 5.823662771924612 5.823732073659232 2.2838532362522823e-05 0.3473309576511383 0.3473309576511383 30.42184855143229 0.002628715243190527 -0.028440907703924267 5.823732073659232  
2035-11-01 13.416527780051354 246.588898925623 -0.8894795807157462 254.44703156572265 14.306007360767099 16.289477481071227 0.0001769539616223509 2.2128617763519287 2.2128617763519287 30.23455810546875 0.0026449987199157476 7.8581326400996545 16.289477481071227  
2035-11-30 7.436855109829746 245.77465841428742 -0.8916657214978263 246.45814178415228 8.328520831327571 8.356378205456755 4.597797107342338e-05 0.6527011394500732 0.6527011394500732 29.753934733072917 0.0026877238415181637 0.6834833698648595 8.356378205456755  
2035-12-01 16.20972424961796 238.84515829374268 -0.891833914906138 246.2815677337291 17.101558164524096 18.61058235738281 0.00022655709802331365 2.8522250652313232 2.8522250652313232 29.697222900390624 0.0026928565930575132 7.43640943998642 18.61058235738281  
2035-12-30 8.744979769859759 243.7898600829951 -0.8926464939739579 244.78613879608983 9.637626263833717 9.688620533161341 6.126214514544416e-05 0.8518328666687012 0.8518328666687012 29.499713134765624 0.0027108860667794943 0.996278713094739 9.688620533161341  
2036-01-28 -0.1964539429925132 251.52802728051265 -0.8921475699994296 250.29220017284723 0.6956936270069164 1.4181405732067498 1.313193647405178e-06 0.030993690714240074 0.030993690714240074 29.51803181966146 0.0027092036325484514 -1.2358271076654148 1.4181405732067498  
2036-01-29 10.311623674880169 248.76660911983316 -0.8921063754209979 250.58772879785533 11.203730050301166 11.34931563219646 8.463386924712304e-05 1.1389226913452148 1.1389226913452148 29.71304728190104 0.0026914223562926054 1.8211196780221712 11.34931563219646  
