date moon_altitude_error moon_altitude_percent_error moon_azimuth_error moon_azimuth_percent_error sun_azimuth_error sun_azimuth_percent_error daz_error daz_percent_error elongation_error elongation_percent_error
2025-01-29 0.19836682069441958 -9.023372206452766 0.03344625478865737 0.013542827675023137 0.21531586723818918 0.08585686481723265 0.18186961244953181 4.7633159161494945 0.16573891465144408 4.322577700427447
2025-01-30 0.16960894350537714 1.5660463469937986 0.1445814289663474 0.05880750150095809 0.09010287168811715 0.03588467671868431 0.23468430065446455 4.483256050897343 0.28786103074936165 2.09931529570177
2025-02-28 0.3586774204127483 6.6933945127288785 0.37640104707816135 0.14442324048566038 0.11789771136824356 0.04501938480633676 0.2585033357099178 20.540536395487333 0.3556461813291669 4.835009359638633
2025-03-01 0.2315758158027279 1.2041437374697104 0.2086026235460281 0.07968276484122172 0.3016398282106252 0.11499730936039071 0.4897575482433467 95.985260841629 0.07758392332023334 0.3680873652430082
2025-03-29 0.20684938418756685 -100.0 0.43317657714084135 0.1571947492663618 0.39271390453399135 0.14312111241795705 0.1741095183251673 -14.829069657277746 0.062041622516786354 3.0087473424063385
2025-03-30 0.0006250673033338927 0.004464567119889935 0.08107232904512784 0.0292765574845288 0.17862342315601154 0.0649961896636035 0.0975510941108837 -4.6507136052499325 0.009604782877612905 0.05999387872388511
2025-04-28 0.4756196599872702 4.993707128527318 0.030656239328379797 0.01060657015669482 0.2678993615716081 0.09358344479736337 0.2372431222432283 -8.587187825077773 0.2611040012674515 2.224263689665902
2025-04-29 0.2773647765969116 1.1691988431507938 0.3535659265266986 0.12261541673349315 0.3868209155059503 0.13496271062675552 0.25961315796735107 -14.916980047041797 0.4119904727487942 1.610091915551402
2025-05-27 0.14654922564022854 2.503638132264938 0.08009277871337872 0.026974539855856707 0.15111245630356507 0.05137238987189381 0.2312052350169438 -8.350392666910386 0.2175503275207742 2.64738661584089
2025-05-28 0.1969160208594971 1.0257690383472369 0.0842775192550107 0.028771934309723076 0.3312928466084486 0.11255780634276721 0.4155703658634593 29.357097032048472 0.06929548873974767 0.32889324076726667
2025-06-25 0.4255137261664794 17.543241317335408 0.48833651701698955 0.1630442405274594 0.3675908042426954 0.12403205196802279 0.14407267874031504 -4.582358407759147 0.3232630841120443 6.072649031321861
2025-06-26 0.14202172596509044 1.0248372681546944 0.3313861368720836 0.11335975286516986 0.32884997127041515 0.11097467266595802 0.002536165601668472 0.0634443663966305 0.18377084464392368 1.13552549902017
2025-07-25 0.1220888396112656 1.5497615690964601 0.18872377281564923 0.06557205655371189 0.028426266046949422 0.009734075004414883 0.21715003886259865 5.1492130197285055 0.4183357017666669 3.9534017520902673
2025-07-26 0.4361987438085819 2.6334458924127353 0.3567917742693112 0.12817785835046122 0.21986477066133148 0.07535289216605447 0.42334345506935733 3.153785466984239 0.3777671662278834 1.669893369959154
2025-08-23 0.19620402959051986 10.877285059350672 0.17876669016339974 0.0636585375174114 0.19787522707628113 0.06996949801390823 0.01910853691288139 0.9646433067615784 0.13158891873820266 3.18494703433347
2025-08-24 0.0672204109381429 0.7413563130885436 0.01749026502665174 0.006454388899031746 0.42285802869122335 0.14972514322770056 0.4403482937178751 3.849081185401315 0.2577224832260967 1.6371359414257887
2025-09-22 0.3752825940195015 15.799492446262601 0.1262622270845668 0.047985414308663474 0.49486154899108215 0.18294674662478 0.36859932190651534 5.002298344689283 0.4671593499425075 5.517309060041247
2025-09-23 0.07980965623013603 0.8947079956189226 0.45673906525343 0.18014245914861018 0.06617155592442714 0.02450197873476521 0.47708937882214286 2.887441503258177 0.37536576380323794 1.91272743881714
2025-10-21 0.02632181052846949 -0.6537433361546094 0.1445014651506824 0.05647776419821608 0.39135652837831003 0.15145883114527808 0.46414200647100756 18.303154500583474 0.38330058992738936 11.329191117943664
2025-10-22 0.020037937516718785 0.6634995298501231 0.10580764200955173 0.042818759712373415 0.0014620097973079282 0.0005666672529368884 0.1043456322122438 0.9576811882059548 0.09626875548789826 0.8087275620598408
2025-10-23 0.0198644605202567 0.19825079070206592 0.3313914643743203 0.13904650257700382 0.38537258403556507 0.14959266401178098 0.2832359515901146 1.468819612544121 0.48893484790624697 2.17197562444428
2025-11-20 0.2559951931660609 -9.32925454534574 0.05285535079403303 0.0217464430597813 0.5122528751418827 0.20612781430911978 0.45939752434784964 8.41480259129375 0.45673038668909616 8.239368072452436
2025-11-21 0.40086833117789133 7.1594731984972615 0.15332207264958697 0.06500921445958034 0.26677587637163924 0.10745532720998661 0.4200979490212262 3.3824044765631847 0.43011413718639346 2.9806703751427
2025-11-22 0.001810748909422344 0.012935593861050787 0.5076260037933764 0.22214838632341727 0.02804710450135417 0.011308037469462927 0.47957889929202224 2.456806115082367 0.07264990043319841 0.2914465442295888
2025-12-20 0.3992141593672983 66.44866312875757 0.009990082790210408 0.0041973375935755565 0.46938194314131465 0.1920002985283791 0.45939186035110424 7.11199862592225 0.1085456603479189 1.5750762465822112
2025-12-21 0.27175698386385605 2.533098695239394 0.264921062598944 0.11357089672640912 0.46419099937210717 0.1898809790810219 0.19926993677316318 1.7793118470950855 0.252714025212331 1.5089849519067227
2026-01-19 0.4393363834702262 7.900790512920857 0.32772948375202304 0.13468645125129763 0.01323925438077822 0.00533812405361113 0.3144902293712448 6.711974678670725 0.26576468846576695 3.0427928603526873
2026-01-20 0.21006180262697782 1.2205755274795909 0.3803095823714102 0.157400078492801 0.2535799508951868 0.10214553640891914 0.366110466733403 5.518790520967966 0.08563378402365274 0.42634344997252144
2026-02-17 0.1816928425729043 -15.375640439465114 0.42136604720656123 0.1643256385776327 0.33360611275344354 0.12963954370082176 0.0877599344531177 9.6202674896225 0.12617526370281307 11.20387454506455
2026-02-18 0.19449392699601553 1.7374070526492031 0.04212095973400665 0.016386792785842656 0.2762808026121206 0.10720037855752038 0.31840176234612727 46.713994367429265 0.041951186511385075 0.32166342222452887
2026-03-19 0.11735346756493659 2.4034807104173135 0.1703069523952081 0.06257367098645193 0.04507856527675358 0.016698552868447653 0.21538551767196168 -9.722258990764713 0.1007268507847554 1.418542818241534
2026-03-20 0.15418689876679537 0.8493186702692215 0.4623711380382929 0.16903383273517528 0.3907694660401262 0.1445202685031765 0.14685939592158093 -4.666855980661699 0.21827102171961954 1.0795731320701971
2026-04-17 0.40420963458600256 -100.0 0.015198319147089023 0.0053143800152183306 0.1192697804625027 0.04227636791890011 0.13446809960959172 -3.478644157509366 0.13771470612097048 3.328279398220652
2026-04-18 0.5293993198369478 3.9300349880948278 0.05925074280605713 0.02071275186948213 0.5065688271589011 0.17931222953928067 0.4473180843528439 -12.59099730777222 0.26734477091300235 1.6992984783568348
2026-05-17 0.2463267944553582 2.525477215243684 0.3560727729172868 0.12096668146268591 0.07659472263111411 0.02623795188958494 0.4326674955484009 -17.78572272372406 0.11168185480666892 0.9394251856544062
2026-06-15 0.17798977409386563 2.881030571468883 0.3987854443745391 0.13409114760797433 0.31702008362793777 0.1069867952703044 0.08176536074660135 -7.558511643427868 0.14461028609276738 1.775533524786262
2026-06-16 0.3051455718187519 1.632243636830706 0.3434732393182003 0.11829893590722786 0.35783729410792375 0.1207450079185195 0.014364054789723468 0.23882915398651686 0.36751741483033484 1.7199818195784213
2026-07-14 0.09196485314349179 4.396099341979898 0.1752583412119293 0.05937433313239858 0.38962266212035956 0.13234931944851228 0.21436432090843027 -27.285461520319398 0.05980018091244865 1.4729833550332134
2026-07-15 0.5030060737554773 4.02501654977307 0.42618446188510006 0.1492379338357855 0.2129393286704726 0.07237592240380507 0.36087620944442733 4.177231605813346 0.2817465445508347 1.6852630288303347
2026-08-13 0.09788915748936411 1.6052957828716459 0.27985652345824974 0.1005665760197266 0.4853179432314505 0.16940412399340438 0.20546141977320076 2.5039593663567516 0.41997827720500425 3.6775750969974026
2026-08-14 0.21805218669964255 1.5336291064089684 0.4272596681983032 0.15976668523934762 0.14298886203039274 0.04997112199011023 0.28427080616791045 1.518887152212023 0.49320665592007984 2.0136467341685145
2026-09-11 0.14938011915022667 100.0 0.20181774635022975 0.0748032268655137 0.27260619417171483 0.0990313558405532 0.4744239405219446 8.666189277199308 0.17065219682624022 2.9274663751119716
2026-09-12 0.41328029449641956 5.447417468139973 0.2715493463394978 0.10473549721290762 0.14777828886423094 0.053766452366371266 0.41932763520372873 2.6913320900783333 0.16126259953722055 0.887948173500502
2026-10-11 0.0736563176298608 3.5520021810580547 0.2605920250537963 0.10351657976399593 0.4712154007514755 0.17949094666734855 0.2106233756976792 1.9521366528559645 0.46835304933505917 4.083873659280262
2026-10-12 0.46424906210723016 4.905292105698921 0.22061046080631286 0.09107831921760011 0.11473853176238435 0.04377416256906921 0.1058719290439285 0.5321767743040398 0.22605466656616358 0.9926021304455255
2026-11-09 0.11150249479624064 -3.5835579429140862 0.18632757594244254 0.07568559057568501 0.30272063185444154 0.12027171394716053 0.48904820779688407 8.874115148109054 0.3358279275338134 5.928985264524169
2026-11-10 0.21000853473048853 4.03086738400808 0.28948142362713725 0.1214830893490015 0.3845386664290231 0.1529683044426535 0.09505724280188588 0.7259016974067609 0.1668880225977336 1.1251045825851091
2026-11-11 0.4198626199136122 3.128665559441584 0.3777181381645107 0.16395602023368497 0.07715283302175635 0.03072873503271986 0.30056530514275437 1.4520459595808648 0.4906037323222492 1.9232275322167445
2026-12-09 0.5348162528370887 114.96881739718035 0.4342784055808693 0.1820372192108879 0.12767557534712637 0.05208533677295103 0.43804601907200436 6.675542381814381 0.059731575048607155 0.8606522311710947
2026-12-10 0.003040850820868357 0.03039926424591997 0.13875380825047046 0.05951554856666654 0.025222737796951833 0.01029393525904182 0.11353107045351862 0.9551286519692295 0.3125872351829173 1.8731917259334583
2027-01-08 0.4588526807818196 10.104333740505412 0.2820331858198415 0.11688942690674267 0.17933343146336256 0.07295295142052796 0.46136661728320405 10.165320227011442 0.2151867843890507 2.7641868652356987
2027-01-09 0.15491252288350132 1.0221934481613646 0.1615352916439292 0.06763370039293244 0.023769042927170858 0.009663146245752083 0.13776624871675835 1.9301031151240944 0.32557949156149846 1.7766395420751646
2027-02-07 0.0814909250164888 1.0083649882502657 0.010312237104614042 0.004076149188451815 0.441357479242555 0.17406524772920073 0.43104524213794093 75.76089947075305 0.11059240125710446 1.1182914664288137
2027-02-08 0.3630228063796217 1.8748250725605455 0.0779064862152552 0.030783598338126224 0.09187035979135771 0.03618252000104892 0.1697768460066129 20.449543618481787 0.13334256613860518 0.6309582391961811
2027-03-08 0.2606339889513099 100.0 0.42274937762823583 0.15799152455783935 0.07759263144384931 0.029271667466714862 0.49965799092791485 -19.989054212269792 0.2469166162752776 7.6046491319672285
2027-03-09 0.025083535796449397 0.20946731337484698 0.3318588841504493 0.12351999860204933 0.5084409642882406 0.19149709984422966 0.15970015156131012 -5.0542818590680865 0.12864290525465982 0.9105114066320944
2027-04-07 0.41861401641523077 7.50018037896685 0.31923039860379276 0.11307426637323799 0.0036509686106001027 0.0013133153091114376 0.32288136721439287 -7.469123942729275 0.4190553495113445 4.883557307265473
2027-04-08 0.19837139250760671 1.0900502480638325 0.32163825483689834 0.11378241081178259 0.4106683064423464 0.147504515161154 0.26769343872075524 -6.272555481421753 0.43433564134905467 2.1255187786490732
2027-05-06 0.37195113913007505 59.22328059235343 0.41421700712919574 0.14117141676169404 0.24755102594457412 0.08573122992519337 0.33823196692623014 -7.2554439544520735 0.28275736910025895 5.35245799389074
2027-05-07 0.298105208878221 2.1756495245561216 0.3762798040941675 0.12913879068919334 0.06240295859061007 0.02158805778679891 0.31387684550355743 -13.564976291348382 0.2883358183564688 1.8351704505837219
2027-06-05 0.49799962857646385 5.240997780574243 0.1584833966103929 0.053694338982435946 0.4575090784735494 0.15484767332551866 0.2990256818631565 100.0 0.3796383090397022 3.3361192924570098
2027-06-06 0.12207259896439737 0.5518135717993801 0.09337999599904379 0.03232186095207878 0.42367295072494926 0.14333791713106964 0.3302929547259055 4.952135865696511 0.19711207019595633 0.7947141911611808
2027-07-04 0.15492121554729898 3.197496314083133 0.1665459816153998 0.05668040154644179 0.20863127489622002 0.07053325314915232 0.042085293280820224 2.149495743424968 0.01840162871993467 0.2621911610847909
2027-07-05 0.1017596972913033 0.6400689343836737 0.47776038650027886 0.16791671088674032 0.31214962195696216 0.10556728034576747 0.1656107645433167 1.4832217245940358 0.10581788082776455 0.5064466281772638
2027-08-02 0.1245926689611628 -100.0 0.28821467654796606 0.09997449145513478 0.02286415967779476 0.007883571436356289 0.2653505168701713 15.297068338636302 0.484895887285246 19.51373052554712
2027-08-03 0.350135384096534 3.744709244446584 0.29786656610718865 0.10741754698504971 0.26714567248097865 0.0922041351164796 0.4349877614118327 3.498095613424596 0.2869087535931101 1.7166707783923092
2027-09-01 0.4139197399719947 11.542400335701416 0.39532500191825193 0.14717726038129275 0.4827894400809214 0.17274388918478573 0.12188555800082668 1.1204658550956248 0.17086286708947895 1.4038681476849046
2027-09-02 0.16118615406635506 1.3615059427741465 0.11733500287414245 0.045634808276474564 0.08068254326394708 0.028910113924291207 0.036652459610195365 0.16688011489502141 0.2622292766195464 1.0188499984628998
2027-09-30 0.23683562778506184 -19.148512742084375 0.23768790141673435 0.09150207337488149 0.27612124224424406 0.10330935699039986 0.4861908563390216 6.470630901627255 0.4571322872502437 6.060457436865161
2027-10-01 0.1332421021652781 1.8679038262956587 0.07557955712786679 0.030344025400744636 0.15112075071840536 0.05663158531658409 0.22670030784627215 1.2755105229354353 0.12904110308020478 0.6493954506654809
2027-10-30 0.41690501202325203 12.201246758580217 0.06782712545469849 0.02790460846127976 0.17835358053426376 0.06989369514760796 0.11052645507956527 0.912647815018865 0.19660144197457896 1.4897884340830856
2027-10-31 0.24910757824454244 2.0336794060571295 0.008592059429929577 0.0036716854515100442 0.18189791704890013 0.0713834360910854 0.1904899764788297 0.9153986627437034 0.028235975913926126 0.11307161114726062
2027-11-28 0.5241114176706079 -100.0 0.17845816802241643 0.07410390559949474 0.1611707922679102 0.06529393806688077 0.01728737575450623 0.28729516599393873 0.15842459738355252 2.5724857855832197
2027-11-29 0.38103515990167125 4.061760279189329 0.2122683004797068 0.09063073511050233 0.3533723155120754 0.14327068601323495 0.43435938400821783 3.493218834955388 0.3194187913390927 1.9149140389259565
2027-12-28 0.3570867041300376 7.691005223976055 0.011085548603659845 0.004619191944344971 0.35306045919503504 0.14431427585307996 0.3419749105913752 7.341628781024702 0.05252855994534045 0.6609468224144909
2027-12-29 0.2487832277415727 1.6314956021472597 0.48502740717981396 0.20509856902893642 0.29229909633860984 0.11944826225705281 0.2226734964815762 2.7080425433024504 0.1476763310610849 0.783332249405395
2028-01-27 0.22037428405223558 2.6808302935763897 0.3667368610671815 0.14706727356002827 0.015404226613469518 0.006162070333099084 0.382141087680651 61.849247467540955 0.01945864703285416 0.1942085667334593
2028-01-28 0.05202721799601662 0.27307969593321363 0.3307893777312074 0.13302385804154904 0.27397722814163217 0.10947092109855411 0.3952333941271604 24.628715021907578 0.1494454968887986 0.7167459113209637
2028-02-25 0.3014265467172706 -100.0 0.2988747677891297 0.1135116008576626 0.34080180052666265 0.1309060270882108 0.041927032737532954 -1.4173765556680673 0.30800145265190704 9.31080161421916
2028-02-26 0.4323518067237817 4.091277442400763 0.014008201707554235 0.0053064185762772146 0.2477202831150862 0.09500215429911164 0.23371208140753197 -7.227362100394681 0.24793670619526864 1.9442869791567179
2028-03-26 0.37969995087533537 14.490705024494337 0.130692487172837 0.04703379741456472 0.22210144306382062 0.08128970602698621 0.3527939302366576 -7.591527574644942 0.4063812824015791 6.3433827068319255
2028-03-27 0.13244836206967214 0.955095502997092 0.3688948694785381 0.13252014728567477 0.3462852429047416 0.1265414004016414 0.2848198876167203 -6.040487973486098 0.3222088998643251 1.974052052887299
2028-04-25 0.44274402302856153 5.8585288678549 0.08423224317795075 0.02913761242678034 0.3077386888078877 0.10786201952395892 0.22350644562993693 -5.918358985977902 0.09223838697688258 0.9139537081873517
2028-04-26 0.39396868596165646 2.031397968827448 0.3267209148065717 0.11357360539204424 0.335725436517464 0.11752447415081177 0.009004521710892277 -0.44820813560060674 0.25583027868811214 1.203576973159299
2028-05-24 0.16225625088279694 7.504025057925102 0.37666129546050797 0.12708871670735605 0.3750853173542623 0.12774301450531206 0.2482533871852297 -9.021665949514537 0.14942555882332087 3.08057448938094
2028-05-25 0.07895261294283884 0.5671456374485413 0.07533600526664941 0.025793347119624974 0.17640877477691674 0.06003900981582348 0.25174478004356615 14.39977282320596 0.16785765966052502 1.0602333913637982
2028-06-23 0.13678216012138833 1.6810350508308036 0.09670279954764283 0.033128368358660995 0.4140360905988132 0.13968167501766457 0.489261109853544 10.846584601079813 0.04251026098859967 0.38795620165860184
2028-06-24 0.015595069881694457 0.08214674064896947 0.30842067260056183 0.10871689365323858 0.3886004661296738 0.13111181250511078 0.30297886126976437 2.3862200271965817 0.24299771406913706 1.002341859431502
2028-07-22 0.35155344962581925 14.949838783454345 0.39431246683301424 0.1371017625607775 0.32718636689736513 0.11179253817115006 0.06712609993564911 1.3247371115651057 0.3952593519606227 5.984479528018345
2028-07-23 0.04422153993802347 0.3671598018301731 0.2800261119951415 0.10099036555991855 0.44094237115905344 0.15077997204626017 0.16091625916391195 1.061388747310356 0.4867337615943832 2.3758485235301023
2028-08-20 0.21097933733721064 -7.56463873364711 0.23211583354469667 0.08282984726938697 0.18124255025492175 0.06385855250846618 0.4133583837996184 11.524942495858348 0.3029592662061753 8.194642364550983
2028-08-21 0.2675083677901684 4.268177273842044 0.11984981231330494 0.044573692862654994 0.4483972721903342 0.1581936170765314 0.43175291549636086 2.9636572814283184 0.3297674400744697 1.9781814014233692
2028-09-19 0.030081022371115873 1.5270182536808314 0.14299415876371313 0.055028017544032526 0.33802304639380054 0.12442780921509944 0.1950288876300874 1.6520911891578047 0.42237004482945295 3.400076179547199
2028-09-20 0.050090024540262235 0.45744690734920107 0.4249903783058073 0.1710739236252459 0.23418854550993728 0.0863418239292659 0.19080183279587004 0.8365126708847296 0.03424070899248832 0.13152182687110686
2028-10-18 0.3482255544208033 -25.82843451371909 0.15833043280036918 0.06286903715039159 0.4686959265427504 0.1806367912202562 0.37297364065688043 4.890158012893021 0.35126439082141303 4.592450422784793
2028-10-19 0.40859380701027703 4.859240633905169 0.4149523018417085 0.17176241071018564 0.0712062376047129 0.027485199393176393 0.5138414605535786 2.9385611447730007 0.22625596656670766 1.1186250532016446
2028-11-17 0.12360439282763913 2.0184908249855686 0.5158338927213606 0.216268196665455 0.21537986905968864 0.08642318510713562 0.30045402366167195 2.808100683207638 0.3358977052177252 2.518748363571384
2028-11-18 0.3632267102634579 2.183276191468796 0.364740778741492 0.15833185994892107 0.04777365928256927 0.019189890359600947 0.4125144380240613 2.2193127556097965 0.005503027484877521 0.021169971054627684
2028-12-16 0.4454960849135863 18.217002581270876 0.18974164053128106 0.0787930056733899 0.4316622761635358 0.1764996565708205 0.24192063563225474 6.43734770281934 0.29160535628757867 5.108360134293988
2028-12-17 0.1176311204389755 0.847341843884897 0.17823860274179992 0.07558191478416809 0.5305257965912631 0.21695687884488185 0.291235600666937 3.3441667188658872 0.094334723120582 0.5268428827517017
2029-01-15 0.03892701759812933 0.4889669732230614 0.43571144291794894 0.1768053178521868 0.184245534437963 0.074537733600135 0.25146590847998596 33.594449648825695 0.19875986306632676 2.027905247595627
2029-01-16 0.39832805419941764 2.0534143617247786 0.37732129112691837 0.1542462428743047 0.39792117243266034 0.16084256914807107 0.2247575364404213 8.09866306787995 0.33202020220315376 1.5564405014432856
2029-02-13 0.10244778827948647 -100.0 0.2845267057625165 0.10973532025896746 0.08491489483148484 0.03318088685416454 0.36944160059400133 -10.964475553720005 0.22814762105329844 6.0486890294738735
2029-02-14 0.058136030405881556 0.5257308306393452 0.3892744868738305 0.15007347071072877 0.2919203020564396 0.11390148456977998 0.09735418481739089 -3.14314020962154 0.20089983489202723 1.5218647016850912
2029-03-15 0.4135586926949695 15.989486849244658 0.14380015441878413 0.05264631829003197 0.33422682770594747 0.12455616700755448 0.19042667328716334 -3.959325710443276 0.4960601342389328 7.6363230017582095
2029-03-16 0.5372839194600818 3.9909028478786293 0.4456235141934144 0.16290125565457209 0.2301163862739486 0.08561836734828149 0.2155071279194658 -4.504283602908841 0.057830287128807 0.36275041710361855
2029-04-14 0.1275356865382058 2.1717575404561975 0.12223075095033664 0.04286959688425812 0.049798760221904104 0.017718838597849344 0.07243199072843254 -1.778593010106393 0.33728660502916874 3.893544547196744
2029-04-15 0.21392731274344 1.2744333753889119 0.30689740934758447 0.1079458191637577 0.4452120716522927 0.15818782930261663 0.13831466230470824 -4.833328824898071 0.2529651220692948 1.3493607053939456
2029-05-13 0.12604303802931272 -14.422110414350156 0.27971125799655283 0.09504945373258454 0.05052505676161445 0.017365577570288254 0.3302363147581673 -9.916302734875082 0.45165379464840694 13.085141834000574
2029-05-14 0.10778579865175786 1.0896023524952319 0.3008198741438832 0.10326777462344666 0.21861171729358375 0.07506790723451616 0.08220815685029947 -100.0 0.3256332028785458 2.7893007692617395
2029-06-12 0.14205094274594554 4.520962432957957 0.27894923859389564 0.09464856272507027 0.163777959409515 0.05529979409972324 0.44272719800341065 30.686826907824333 0.1577637882141678 3.058763345748181
2029-06-13 0.3644356347989586 2.7269062813997444 0.37617714839427663 0.13033475361723207 0.22563215253319413 0.07616901714197748 0.39819069907252924 5.238104289513648 0.07477572671140109 0.4418005073611474
2029-07-12 0.16374669524027397 2.6566097430110376 0.19720920014958665 0.06900184550251419 0.32438365695281846 0.11008160803342025 0.1271744568032318 1.4333027983486357 0.06700914859649032 0.5615452943099255
2029-07-13 0.464472063994112 3.0034783086811028 0.22732033955344377 0.08213250665937387 0.5108448595097457 0.17345536452263194 0.26183480093681055 1.4761098343510688 0.4027388384922759 1.6373320421646058
2029-08-10 0.18430898619415784 100.0 0.1432986839959085 0.051204306819189145 0.3959734048908672 0.13777973302813454 0.4607279111132243 6.111039708891232 0.1852369658385049 2.370346548305548
2029-08-11 0.052284494770617584 0.5775834243921701 0.5257123472796366 0.19505090727754557 0.06528296603556782 0.022741505124216587 0.46042938124406874 2.6250892410770237 0.41166729845377503 1.9995174180513318
2029-09-08 0.3423273426682796 -7.883499231035074 0.1377892206857041 0.05068347685789817 0.41218227605332913 0.14911870839385868 0.4500285032609668 9.89079829584652 0.17078407252590555 3.302866066934376
2029-09-09 0.2487739911587985 5.235995734487763 0.026913927626935674 0.010312913117589414 0.004268018020695763 0.001546407254215959 0.02264590960623991 0.1507451466439675 0.4066724188310822 2.478701399342355
2029-09-10 0.2629536403147519 1.9141934403486782 0.29694462420138734 0.1189190992294792 0.42222095371215573 0.15321298951365622 0.1252763295107684 0.48416489816913166 0.019172132472451864 0.06394797554345502
2029-10-08 0.018904698454859314 0.9542548730550586 0.2205181390009443 0.0872373569949024 0.33248626232693823 0.1261005793295165 0.11196812332599393 1.0283596208592027 0.4405869075764386 3.8114989407655524
2029-10-09 0.12544462791332478 1.0564153686815545 0.039173315694085886 0.01618470066537194 0.2490417076047038 0.09460308230915376 0.2098683919106179 0.9894846494694003 0.13941772870895974 0.5545781935503865
2029-11-06 0.348530012513338 -100.0 0.08986361733298054 0.036395272648388904 0.4222546063264474 0.16717807250528408 0.33239098899346686 5.864748050685244 0.11910373970290156 2.0252651029910282
2029-11-07 0.2104790879514411 1.9507732518169645 0.3220117523857766 0.13548236198057306 0.25107110605020466 0.09953222594826983 0.4269171415640187 2.9294909368945734 0.2430359575210943 1.2629813614525014
2029-12-06 0.27361029751372357 3.1354352354418453 0.3487371164156343 0.14612833479358142 0.45186367411261585 0.18409461934766852 0.19939920947174983 2.9320822617535396 0.4128133681354438 3.279631741460031
2029-12-07 0.1990618638871986 0.9569850291588747 0.1292571507840421 0.05574534725499939 0.3267892500313394 0.13320569312073108 0.4560464008153815 3.389155976660031 0.1585962010587849 0.6062871258067191
2030-01-04 0.12031844699936212 2.920124950220401 0.39077446217604006 0.1592457838044246 0.3164893247629834 0.12901265855961197 0.07428513741305665 -100.0 0.00452298073892532 0.07543988117033537
2030-01-05 0.2020718118915923 1.202956755313688 0.06059278893124542 0.02503207491691153 0.4414544658175146 0.17986141207413506 0.38086167688626915 11.265225060524745 0.08272143079963357 0.43727976250407463
2030-02-03 0.2981542698774149 3.0731705921863557 0.1405962948024353 0.05510541906862331 0.3016418266649623 0.11955603002860948 0.161045531862527 -5.6727056974669505 0.12842492160232233 1.0817850264537603
2030-02-04 0.1394792500174873 0.6380417539577545 0.36804725816062955 0.14469083759844048 0.3670393570760382 0.1452856175781506 0.26491338476333226 -15.268020768357882 0.31507761023376446 1.3302877039187722
2030-03-04 0.17548806583787102 9.61835669868942 0.3419039603330134 0.12741355535121884 0.4845466301867418 0.1838994492784529 0.14264266985372842 -2.9366311794366786 0.06930160282736608 1.1418381778075115
2030-03-05 0.5202238144606834 3.8592911877777567 0.4407777787581608 0.1641992630201058 0.08946813165789536 0.033900932647329365 0.4697540895839438 -10.369284557023125 0.08956083091720757 0.5629060893004287
2030-04-03 0.2773473482459732 4.8464823067841545 0.4255194700827474 0.15174063718838685 0.43518635317792587 0.157427988426164 0.009666883095178491 -0.2422575462240304 0.501577675213273 5.899818767470007
2030-04-04 0.19714895304730362 1.173306556705196 0.15608479812215137 0.05577566266164932 0.14339097503233234 0.05179250570803638 0.012693823089819034 -0.42492541233079967 0.21479670455974542 1.1434356135601853
2030-05-03 0.20251962820692526 2.200697595756016 0.2653472032067725 0.09204963613601513 0.1187553149580367 0.041251494201354315 0.3841025181648092 -100.0 0.021354988684819887 0.19451388274974088
2030-06-01 0.3457817573192139 20.903031317007382 0.10209631660717378 0.03473870188511416 0.052350882689552236 0.017749211714764526 0.04974543391762154 4.738809268450249 0.4087893308758508 11.383050690689481
2030-06-02 0.4838903942346544 4.201856449789283 0.21110983720012655 0.07299506485728104 0.09373320327864576 0.031763874570008774 0.11737663392148079 1.9953110477600833 0.49137588157587686 3.386784836143707
2030-07-01 0.42529269776743917 12.416243962001827 0.438146288541418 0.15131353903336323 0.031791383888219116 0.01073917897115066 0.46993767242963713 7.263403393083427 0.30822932546912973 3.7099279930110183
2030-07-02 0.35507796321729046 2.8739435256855907 0.40559131046944685 0.1436201417214683 0.05129103717581529 0.017331056234564702 0.45688234764526214 3.3735389396534123 0.49641553723557763 2.5461887406302433
2030-07-30 0.39057804786743766 -11.51951208181444 0.31759011807866955 0.11078116659109935 0.21745488007672975 0.07478264556321562 0.1001352380019398 2.4422423210298123 0.3956443786276047 9.00082774100874
2030-07-31 0.033371595964575285 0.6719165045136174 0.09661620840518026 0.03474195756944278 0.5071245718316959 0.17456527876179598 0.41050836342651564 3.3077481711891386 0.12703710853803152 0.8992480699385538
2030-08-01 0.3198951174476594 2.401633906475964 0.044211331550400246 0.016432738445324675 0.2262945139174235 0.0779717476310789 0.18208318236702326 0.8596094199016175 0.1432616928995074 0.5540594146020593
2030-08-29 0.27545589965663425 -100.0 0.46380781014875083 0.17080883635006125 0.4355271614425078 0.15523247011146668 0.028280648706243028 0.31324512170870167 0.16503502656662938 1.8007026278485943
2030-08-30 0.24647072932356195 2.988802572804128 0.2017997551326971 0.07708217816010501 0.1690322063704457 0.06033222338646543 0.3708319615031428 2.0185910049160367 0.10448999836594908 0.5000595743189702
2030-09-27 0.049576959076004457 -1.2549784810997993 0.011591347301646238 0.0043904690860326915 0.44304540156258554 0.1650426074178365 0.4314540542609393 9.736173476651233 0.10202941958545164 2.0830958028501714
2030-09-28 0.3291838098029869 6.177002361927472 0.11205176806853956 0.04409541668287764 0.014737899089425355 0.005498913680998521 0.0973138689791142 0.6999645109010914 0.3639962193127104 2.3279363731179066
2030-09-29 0.3834617705171208 2.623478723187983 0.2300567486246905 0.0943745342662923 0.41318711279024 0.15441235998591682 0.1831303641655495 0.7689103016712773 0.2784581091761602 0.9695096114081673
2030-10-27 0.36162765074010395 10.757516545905586 0.09806550833377514 0.03955818599595149 0.1822274639860666 0.07113196953199417 0.28029297231984174 3.3850610510622268 0.19625201257098013 2.0018059707636993
2030-10-28 0.03465883617530707 0.2481775115174848 0.312485500751734 0.1311242674067735 0.18840592113551224 0.07365026664015406 0.5008914218872462 2.8623825016649302 0.45957325850510244 1.9590009308395557
2030-11-25 0.15372926319081226 18.165494386635544 0.24343362140052704 0.09926203438185936 0.4034399652820184 0.1630696668318892 0.16000634388149138 7.407679349402415 0.5031354473074323 14.362432023407786
2030-11-26 0.010913142170862145 0.08401777808025263 0.4806504221142234 0.20239561465739742 0.19123964814806982 0.07736505889944978 0.28941077396615356 2.9803626456595502 0.28715962570661446 1.6211946793319987
2030-12-25 0.18506170514763554 1.8855106327534912 0.39252762460415624 0.16179535640880147 0.5290231549738564 0.21634370765002414 0.07844922042198732 4.082599390853224 0.13503253144716965 1.1380775531417413
2031-01-23 0.011109760557315607 0.2785175798386428 0.28921088237555637 0.11463466129369866 0.03580716785668869 0.014382456950679093 0.32501805023224506 -9.774925889787072 0.24352786984984576 3.604364306678989
2031-01-24 0.4507339277172626 2.568391896622677 0.21160394064105503 0.08456999487971585 0.23007843615354773 0.09231567778545156 0.018474495512492695 -1.8822226654353673 0.41494649806199035 2.137252853637328
2031-02-22 0.3646472871806239 3.5181832731696816 0.39105500082763456 0.14846935512916556 0.23371009833761036 0.09015420804993103 0.1573449024900242 -3.784744979801487 0.104605426736466 0.81118438169661
2031-03-23 0.41420772763133185 12.131884193194534 0.48376832255178215 0.17560683357044804 0.39250063521382117 0.14451023485425482 0.12373104223439668 -3.192013856172636 0.47320924803060826 7.250259216412328
2031-03-24 0.3063836270884224 1.9522818693163975 0.11275307880043783 0.041017937377342266 0.041872075242281426 0.015391775877317998 0.15462515404271926 -5.43426305544281 0.2862773076696996 1.6161329419120474
2031-04-22 0.4995708845043172 5.877007827682895 0.3909633776520991 0.13747391021455418 0.05543046574325672 0.01952157980488134 0.4463938433953558 -100.0 0.3093517616829313 3.000690720756159
2031-04-23 0.17504466986324374 0.882951143890604 0.36971915694851987 0.13093442103224257 0.3153668439183548 0.11092149095531754 0.05435231303016508 2.7935331455004446 0.3436818389097631 1.5869818514545746
2031-05-21 0.19099812154340046 16.036811317207473 0.5162713613227652 0.17709864321188007 0.17531028051291742 0.05986868138778079 0.3084183581643174 23.57184582743257 0.2576308674357204 7.908534696520644
2031-05-22 0.4095975728587806 3.5339374575953193 0.3359280098077875 0.11677788174368915 0.04784566004974522 0.016326910693364588 0.3837736698575327 7.128339588385561 0.38865129452237035 2.7010960691661654
2031-06-20 0.1743496266704665 5.492451909065213 0.22334387219598284 0.07695586068856526 0.4370401677234099 0.1474310253118617 0.21369629552742708 3.4391171593185867 0.05639523990511197 0.7099451899774318
2031-06-21 0.29753020436534783 2.4194305638682736 0.2277218564887562 0.08011950945577952 0.44053722457846334 0.1486089684976922 0.21281536808970714 1.742557810591016 0.44557772766665593 2.401463764954087
2031-07-19 0.2419709463064592 -5.704210362806623 0.20307849806624745 0.07007614056552093 0.47740991733013516 0.16267348054646424 0.3195115846036174 8.68122783017119 0.42971895137542493 9.700817503151017
2031-07-20 0.005596090349822891 0.14009825937490097 0.4560254273008013 0.161450061690461 0.26900718537473267 0.09172711019023357 0.18701824192606864 1.72957141804502 0.2496369252608801 2.037912852307364
2031-07-21 0.16864453472720697 1.3858941663216857 0.17692953624185748 0.06437943362734891 0.05421139635615191 0.018498760382198 0.23114093259800939 1.2678358060669705 0.1716223513132924 0.7517939029853296
2031-08-18 0.19757366497705187 -8.990536614348946 0.15494602391709122 0.055704932136553933 0.19220383768038118 0.06748545519829768 0.3471498615974724 5.218062249645525 0.333637699133674 5.00479398022391
2031-08-19 0.2495049358680621 4.3388427098098195 0.1870645377429696 0.06933119697262893 0.44710753262955905 0.15718477031033629 0.36582792962747135 2.4998197907492474 0.43996781533446594 2.676208495518365
2031-08-20 0.32194683794979717 2.353747526314926 0.06556683373503347 0.025115082977140015 0.08283988381447216 0.02916046736520671 0.01727305007943869 0.07504385963470628 0.4708359698475597 1.7103169908532543
2031-09-17 0.46969536940670276 30.692932636856913 0.49481923469846834 0.18779087806569966 0.17424077409367555 0.06386522100700909 0.3309399912078561 3.546695097382328 0.0866327944082137 0.8738987733587347
2031-09-18 0.06286364448058457 0.6326132824540343 0.4616624654526049 0.18137246825930317 0.3997466669943037 0.14675001422926787 0.13859086755309136 0.7759234813188852 0.2973174791446418 1.3960325258605426
2031-10-16 0.29724173732204906 -17.45648480099418 0.3540966802634671 0.1375912351235646 0.43139773027508 0.1655601352263167 0.21450558946145293 6.673050753580753 0.2195592043580077 6.819542378994352
2031-10-17 0.32126227845071487 4.183790228296742 0.3987907411078595 0.16041383800855155 0.1644736369136126 0.06321909929299284 0.4367356219785279 3.776923260603122 0.05035976296264266 0.33686270815987673
2031-11-15 0.36763094464098867 6.849035420515065 0.265891283391511 0.10840940091595859 0.030840454137717188 0.012337703656622023 0.2967317375292282 6.309054065594504 0.3696165297967262 4.282735883901814
2031-11-16 0.31305135138191176 1.919023882404395 0.044911673824088894 0.018946482971078392 0.31085088935154204 0.12449515345730547 0.35576256317563093 2.8136339969346666 0.02078535324108799 0.09438970003868975
2031-12-14 0.44606363869129884 30.846750222901022 0.29883445195088143 0.12133003090161981 0.28060581247953564 0.11466431314573972 0.4205597355695829 -26.627137793099543 0.30264289149749635 8.185384387175741
2031-12-15 0.044627707257493654 0.3177564274945679 0.18862918272751017 0.0785337688005236 0.34218679803637997 0.13986342539320692 0.46918401923610986 10.498203189142895 0.48021600025175104 2.906914522968758
2032-01-13 0.16580565387081414 1.8089588644157286 0.4583217014554748 0.18446623092229877 0.3579622026343259 0.14513430306978642 0.18371609591019933 -10.114943786955239 0.21167706735771574 1.8880053901481324
2032-01-14 0.0539265493760972 0.23501428029565966 0.16490240793953603 0.0673524382579712 0.1648044529063668 0.06676699914738204 9.795503316922805e-05 0.00489751179049646 0.1498955053566675 0.603198692339418
2032-02-11 0.23094803570597788 8.340328700362933 0.2987608199928218 0.11521876118807364 0.09023677838732169 0.03539949872726998 0.38899759838014347 -8.863016888496626 0.4115404575455264 6.4187453899818765
2032-02-12 0.1564598086142439 0.9289009723398985 0.15926600175146177 0.06176913914329132 0.2757793988553203 0.10803194862620678 0.4350454006067821 -16.96113454443596 0.12673343758151034 0.6714970996799732
2032-03-12 0.40772272895495476 3.9175018356382987 0.11715072139872973 0.043407990434321565 0.15047308227269696 0.05632521647317341 0.2676238036714267 -9.794544544452782 0.4239362635333066 3.3709773774764082
2032-04-10 0.3349776322345228 7.727320891892448 0.32751991587139173 0.11683473530165113 0.44653176238779224 0.15973036042187586 0.22594832174081603 -29.190340656448953 0.24586630131047293 3.9364643661822645
2032-04-11 0.19722616962923212 1.1468487282997935 0.3683067720160125 0.13218409138929288 0.0410917332558256 0.014677773073994664 0.32721503876018687 24.65425942323963 0.05308254236888743 0.27860343464552917
2032-05-09 0.24877108643364187 -14.205515024704699 0.06258950322063583 0.021661958938797053 0.10368558526420202 0.0357664378981603 0.041096082043566184 4.28573512674221 0.03481298176076475 3.6068638619148796
2032-05-10 0.10852202349431472 1.0735696399739436 0.3499322299911114 0.12250381479792236 0.18626960538119874 0.06418966880635091 0.46379816462768986 10.224372315426821 0.25089469257526176 1.9679396045865856
2032-06-08 0.45099517297922054 17.692990150447603 0.058435784875200625 0.02014621113055306 0.1367230433143618 0.04621156255711251 0.19515882818956243 3.3620011713205153 0.2569942330950159 3.5413316428310173
2032-06-09 0.20671759020220115 1.6158291795691577 0.2762424852282379 0.09702122774700532 0.04640062173007209 0.01567834343881915 0.22984186349816582 2.0467061450371005 0.3353540929889327 1.8290025449640228
2032-07-08 0.45391385068607004 10.191347787657595 0.1840076106763604 0.06460578604899221 0.22410785415587497 0.07591109539963005 0.4081154648322354 3.921127376144204 0.12457348838972315 1.0274463551976696
2032-07-09 0.21475630800635948 1.6251249966391446 0.11607588234903687 0.04177135569018828 0.08564625930137026 0.029024203781877655 0.20172214165040714 1.1726857345403736 0.31764870230201225 1.4004222848547898
2032-08-06 0.09000138720052453 -4.306283610705057 0.24368850638347794 0.08633975401648936 0.41456281152971997 0.1436534066197443 0.3417486820868021 5.38887141731304 0.35057786632307497 5.520408909277043
2032-08-07 0.03844952919372968 0.6449585452981927 0.36883053116252995 0.13430031699456507 0.2717949017832666 0.0942842506932978 0.35937456705420345 2.634590098678443 0.3421144196155481 2.1849337055070506
2032-08-08 0.1285491778272405 0.9267176121315418 0.25728921117706705 0.09645594828672184 0.046491913539284724 0.016145631927958697 0.21079729763778232 0.9938207163068714 0.16496366301252507 0.6304754141345207
2032-09-05 0.09731974469188187 10.781197895888733 0.338175642940314 0.12540731108179964 0.46160149208162693 0.16631986585036704 0.12342584914131294 1.566999139186131 0.3229014806998265 3.8796744314300775
2032-09-06 0.2261225535355642 2.577224891905501 0.400093807116491 0.15294111260938023 0.12667470474997344 0.045710036713330585 0.47323148813353555 3.0478427482953996 0.28311130723527 1.5125981239858022
2032-10-05 0.18952351674915136 3.6520408114052385 0.18695395489169186 0.0729755953633025 0.1822550853401026 0.06882283715497844 0.36920904023179446 4.2778123343832 0.09418604636763916 0.8489676121708516
2032-10-06 0.47600602354766686 3.5197148444200548 0.11697147195636148 0.047188172845454894 0.395775827736486 0.14969067735573371 0.4872527003071525 2.950767013289278 0.39417213003361695 1.7601549534621053
2032-11-03 0.4013482277033238 25.10541911993339 0.09266535881926075 0.03675845097966827 0.49730742201072076 0.19617858156687484 0.40464206319146 28.807485821126605 0.3036755754589424 8.215609361633545
2032-11-04 0.05316531721406115 0.4856684032843248 0.38711914477767095 0.1584040706123866 0.15768309572101202 0.062286513999020424 0.22943604905665893 2.615978292159666 0.44973533590309245 2.9109581887656577
2032-12-03 0.20606814041689248 2.859647402737033 0.4900364351914277 0.2004320676361488 0.16154761886465963 0.06571291728366581 0.3484159459439127 25.838907274269584 0.15120358731804018 1.6522808816927839
2032-12-04 0.16184354082637853 0.8911184619698278 0.31354231781494946 0.13191425412809704 0.3088611388834863 0.12571114298838362 0.004681178931463137 0.05848051692282419 0.46629630308951064 2.1722252246299214
2033-01-01 0.2757109301066587 21.612335804288143 0.002721731517169701 0.001093076814371833 0.020386963864581276 0.00832051737294331 0.023108695381750977 -0.5810743520929404 0.07264360574199458 1.4320660268694103
2033-01-02 0.1893600595551561 1.371117199287847 0.44025801652037444 0.1801086368067161 0.12229338628117148 0.04989076456152964 0.31796463023920296 46.61996200442204 0.3187778288684129 2.032863417082811
2033-01-31 0.3856573019455949 5.064879757042416 0.41757979002156276 0.16413165724090442 0.425191952368948 0.16911270866186637 0.007612162347385265 -0.25438421623036145 0.036295022278224565 0.36427235008842573
2033-02-01 0.38990534824300127 1.8228474689114447 0.12871473255918886 0.051103377037409234 0.25794191165584834 0.10246278020231664 0.12922717909665948 -100.0 0.22373576267526118 0.9633926469093099
2033-03-01 0.30538244579995766 23.394097782034656 0.344789631774745 0.12994023069125182 0.33103696239834335 0.12619054391409779 0.013752669376401627 -0.4563303922098988 0.404625822275265 9.186383556781912
2033-03-02 0.5031272261306388 3.246637134293351 0.03538772636994736 0.013402645257014192 0.2475130450552001 0.09420007700922052 0.28290077142514747 -22.051648710981674 0.4138602157369853 2.376613861658186
2033-03-31 0.15840347681707634 1.609530287529469 0.27861739260504237 0.10141816773076423 0.2769501944838453 0.10060784031797042 0.44443241291111235 79.99610186762132 0.2582720333106412 2.1996083885041866
2033-04-29 0.2235751124374996 5.293503879666306 0.41289524614506945 0.1455973276723743 0.3665762348060184 0.1278902613626499 0.04631901133905103 1.5204911621744723 0.1758611099058589 2.5770447046606466
2033-04-30 0.49347383644861864 2.8187992971217333 0.3257250403453895 0.11605090647948078 0.026132285815890555 0.009106155213379008 0.29959275452949896 4.755747969804673 0.3045166354092501 1.499748262306331
2033-05-28 0.34756945261275907 -21.03383123498427 0.21481979611183988 0.07402096015040165 0.33749465837485104 0.11466247572928719 0.12267486226301116 2.9756133180891373 0.13005241862625638 3.1489290072864153
2033-05-29 0.4618417328435509 4.414535649049829 0.4764170405505297 0.1668849026092607 0.5101345198360718 0.17321458925947858 0.03371747928554214 0.3732403560644536 0.22859947778129097 1.501119509478336
2033-06-27 0.348543356167887 10.408805235443157 0.3945254047868616 0.1372765901616198 0.271913514349194 0.09177836370777837 0.12261189043766763 1.3811707782111664 0.27281479861938784 2.6556966514771854
2033-06-28 0.3735574548657059 2.7414158437052607 0.22010299502028374 0.07838986956262761 0.2172446802323975 0.0733396465377679 0.43734767525268126 2.833049332391373 0.290914553432124 1.340059000403983
2033-07-26 0.5373160254733604 -21.176551130366942 0.25153422832022443 0.0878717485299469 0.242213149625627 0.08301857243996852 0.49374737794585144 8.967030970723158 0.44487685728085413 8.008406759874163
2033-07-27 0.4684745118243967 7.172512955396149 0.25989800950958397 0.09324026491116472 0.5034032849264349 0.17269207812108786 0.2366987055639811 1.8545257226448657 0.21461571696626258 1.4105891398028432
2033-07-28 0.2820667395670444 1.8457368651371016 0.010185661490197617 0.003758405413927943 0.2432550398189619 0.08352297799504539 0.2330693783287643 1.1519229928524843 0.25892233610929694 0.9860356521685827
2033-08-25 0.3989275427336887 28.516669416210917 0.4035552129029156 0.14696301447595367 0.0132652445439021 0.0047037661623467696 0.4168204574468177 5.619934577603418 0.07376561902993295 0.9136457820383932
2033-08-26 0.440044619695259 4.602998677188719 0.3129689132910016 0.1173543805320045 0.37195742464479054 0.13207400131159377 0.05898851135378891 0.3948093567735673 0.30694791175368863 1.6420427777371318
2033-09-24 0.3763556575320335 7.000200163558302 0.393099693406441 0.15026350335015734 0.3883638729615768 0.1440456645493533 0.004735820444864203 0.059162732551003905 0.2726472862917628 2.5416082939395954
2033-09-25 0.27648243508305725 2.0824976527852996 0.39619626845043854 0.15622646924879297 0.18300077548508398 0.06798377867765792 0.4208029560644775 2.7010567674171786 0.4563206887865796 2.118118647212995
2033-10-23 0.28066879367044173 21.915798609102914 0.12249862588669203 0.047642126434422824 0.40430586841483773 0.15695365940717548 0.47319550569847024 100.0 0.1033685962171953 3.330851396227793
2033-10-24 0.4061037021621736 4.232938209408174 0.3746994977128395 0.15010477582155435 0.21235659460739953 0.08256080594996255 0.41294390767976097 5.442742252792233 0.3514261487576036 2.5748195568844294
2033-11-22 0.166798487627128 3.451097315105281 0.10837012914069533 0.043678546227315325 0.02108031154793366 0.008499403164220536 0.08728981759276166 -100.0 0.36733820862786803 5.538322624948361
2033-11-23 0.10114325377111832 0.717269883376791 0.3045181685675118 0.126196629420252 0.2103538182887803 0.08489209356815573 0.5148719868562921 7.939272529590431 0.1289612295301268 0.7528841229893097
2033-12-22 0.37832070106148663 4.515471710381718 0.03300915345076305 0.013471308851327546 0.47522858507085175 0.19438721371539075 0.4422194316200887 -79.2819715653643 0.2119412744288791 2.075425903198139
2033-12-23 0.17238881154998253 0.8991514476596192 0.3944504063381373 0.16462490414227512 0.48806934071046726 0.19962910338594478 0.11748025295139541 2.406139842494444 0.49636035508712695 2.309043702692037
2034-01-20 0.20233481031532707 25.365881942938064 0.26418506925662655 0.10472555554570585 0.2725678767878037 0.10978574037348868 0.00838280753117715 -0.21001030727579284 0.21176127367423447 4.422529572512116
2034-01-21 0.04571039467113813 0.3528591382759789 9.230642089619323e-05 3.707083802306404e-05 0.5200939323090665 0.20927641064336944 0.47999837411182966 -100.0 0.20279941239162724 1.370525534143652
2034-02-19 0.20672523370575568 3.330665140179395 0.2977389245995141 0.11464625812906198 0.14254639729307428 0.055220032219597356 0.4402853218925884 -28.228581039375694 0.230346052203954 2.7987407910056348
2034-02-20 0.41200613028578914 2.1033605229109678 0.12525165968480678 0.04857073462637497 0.4609201402526537 0.178278711482494 0.3356684805678469 50.527254954689546 0.42709438230729546 1.9932445094373332
2034-03-20 0.11768626715300888 100.0 0.46497264118312387 0.17191602914141033 0.41746184531649533 0.15437680779479054 0.04751079586662854 -100.0 0.015363888196190612 0.7623381705991438
2034-03-21 0.05636965621439316 0.4010257100023821 0.13480696070149634 0.050089010122418155 0.14701797244680392 0.05427962112370177 0.28182493314830026 16.402573788054237 0.017131948946968123 0.10696015367529295
2034-04-19 0.23559517214072478 2.6880909402067115 0.26995204796787675 0.09685071629390096 0.087362766305489 0.03087976810075284 0.18258928166238775 4.365460468779685 0.44285156268341375 3.8701154188489935
2034-04-20 0.20742139059379383 0.9100391585715258 0.3726218203805729 0.1348258803372884 0.2930787704642057 0.10345426430331899 0.07954304991636718 1.1493901412883714 0.4842426178434387 1.8978179271373488
2034-05-18 0.32982500930405534 9.905175448633857 0.2179570183604369 0.07615071417285509 0.18161374875199954 0.06215782931097432 0.03634326960843737 0.6094125006093558 0.07124397742406074 0.8985517680352914
2034-05-19 0.21005459548404204 1.2510737255139859 0.13738344214141307 0.04869381025134041 0.4220637282931534 0.1443337492773179 0.28468028615174035 2.768003265352455 0.212328630836641 1.0009680433103232
2034-06-16 0.008887372263389537 -0.4463520616356204 0.15262272447495207 0.052475193658139734 0.3534932937957933 0.11928096067534823 0.49388398172925463 8.969734384281356 0.49121278150655723 8.916895171727024
2034-06-17 0.2861880504110399 2.7822556714739792 0.226409425043812 0.07950506386027324 0.38600499424507007 0.13023725403382833 0.3875855807111179 3.3376829892267383 0.24256960554607687 1.4475346150108925
2034-07-16 0.4807404488639486 10.637593247838579 0.1835168721804621 0.0645768882728705 0.010820370751503106 0.003680262766471818 0.17269650142895898 1.757313198417758 0.296615617744175 2.5344430983048887
2034-07-17 0.04265582150099512 0.2851831247041325 0.3967733692857678 0.14355209883570177 0.17968726557853643 0.061155494630812775 0.4235393651356958 2.4308457441384914 0.02866449337050625 0.1192929110913125
2034-08-14 0.25836887410695153 100.0 0.2923937171956936 0.1041630902231826 0.11725270923778908 0.04098064976072775 0.4096464264334827 7.57251757585861 0.1976286407942256 3.405997799170112
2034-08-15 0.4127144715050992 4.304810472979528 0.39805278008014966 0.14612908426387192 0.22917448546525065 0.08019520014074862 0.3727727344545997 2.7875500605357666 0.4799991106551005 2.7397208121548697
2034-09-13 0.39790189464399006 7.102729855151361 0.12063881597805448 0.045162671260742124 0.4046257544464993 0.14745587955524567 0.2839869384684448 3.8987842903539973 0.37898987361459646 3.6515101973272195
2034-09-14 0.0594251021057719 0.4262744007404477 0.31480873352774097 0.12169569196694206 0.01797170988055541 0.006559448439999565 0.29683702364718556 1.9405124287348356 0.18291494873329484 0.8384023269078962
2034-10-12 0.22792097349682594 12.861783819346936 0.1365851089374246 0.0521589123071068 0.09359226609200277 0.035709482739655345 0.23017737502942737 100.0 0.4256524148253007 11.908534485867484
2034-10-13 0.030474887436383824 0.3056804320396295 0.06632545229550146 0.026119203139810997 0.31835010312977374 0.12165549370971819 0.2520246508342723 3.2527807520891163 0.04883756335932077 0.3476270768956265
2034-11-11 0.08188101609021992 1.6112344195184571 0.03382408061258957 0.013477545525279936 0.06565079445945798 0.026148855588853326 0.09947487507204755 100.0 0.1343349232998694 1.956619232064773
2034-11-12 0.5068605493495522 3.7564315643763586 0.25123033505173 0.1030693756514405 0.23583375550489905 0.09404603498051675 0.015396579546830935 0.219468413114651 0.23815083102624968 1.4207909200559317
2034-12-11 0.18580894556498873 2.5857763123478006 0.2946600401756143 0.12012493061502169 0.06693017448486671 0.027325903575432374 0.361590214660481 -100.0 0.02301673189474407 0.25639717940125045
2034-12-12 0.49704377648234654 3.01184690639869 0.3477236128722154 0.14527968247345166 0.15200701078654788 0.062082195949731314 0.4997306236587633 9.08556635077358 0.04790275598245586 0.2514857231062398
2035-01-10 0.12522152359624528 1.3722573558619269 0.4455195945660648 0.18077812706800298 0.15444425289680908 0.0627428252882302 0.29107534166925575 -100.0 0.07462248916720426 0.6830197775153685
2035-01-11 0.22250082421649253 1.125020015113604 0.314020127895418 0.1295922240610244 0.3262644916576676 0.13245217367745094 0.012244363762249577 0.3051749258554166 0.10681651009269544 0.48789848284027554
2035-02-08 0.13836395224007525 16.058282682089832 0.37462419866673713 0.1465520383069822 0.06968590536715169 0.027442924888905415 0.30493829329958544 -17.989804860448086 0.1759083473138543 5.53883576214142
2035-02-09 0.43414922918528553 3.4549927187869764 0.42228462416730395 0.1666327903221157 0.28447306347635504 0.11187197552771647 0.1378115606909489 15.983925834286259 0.40293724219910665 2.797604651213382
2035-03-10 0.2816631740277744 4.925613558622202 0.4395619717528234 0.16614803597576872 0.0352204368848561 0.013242519157126991 0.4043415348679673 28.792250661872114 0.30196472996566115 3.9226207645618407
2035-03-11 0.49137238708644304 2.6548288579949073 0.2811709174604857 0.10679492060928039 0.3974583866571493 0.149197514519927 0.11628746919666355 3.7316027595695744 0.4493123734540383 2.1863617491496856
2035-04-08 0.41683577287530005 -100.0 0.31298627254483335 0.11368380285374335 0.43290740237989667 0.1554799705317434 0.11992112983506331 3.8437231213406675 0.4461711629818508 12.946866011025248
2035-04-09 0.01703213789354585 0.13118832361326072 0.06474484531679536 0.02363509044508924 0.15515022839826997 0.0556403421204844 0.09040538308147461 1.8414021958134081 0.38269281343531425 2.4504404559867954
2035-05-08 0.3890561748313228 5.111799321718163 0.3671273147091938 0.12989547578847518 0.381755283423729 0.131920992410124 0.2511174018670772 3.7208737626662645 0.36027937469689775 3.0952579215148988
2035-05-09 0.35976030834115136 1.6842900067594024 0.40841930681909844 0.14607711212423485 0.3189731479030229 0.11011185349942909 0.08944615891607555 0.8865319018232898 0.18811185591371782 0.7468279360906226
2035-06-06 0.4139581133078756 17.148520971667725 0.37049443100482904 0.128363325251328 0.42208834683748364 0.14280104507023217 0.0515939158326546 0.7425287930453089 0.178410763466486 2.1814845038532296
2035-06-07 0.3066807403173186 1.9542120773978298 0.4349827806603912 0.15346827564930754 0.3112207162298546 0.10525279890014987 0.2537965031097542 2.0711662956484225 0.3141422870466535 1.4738678329907213
2035-07-05 0.14255929696241654 -7.675038924757104 0.07344717161618064 0.02524594984614786 0.3251816228933535 0.10997947836011303 0.25173445127717287 5.301608528294791 0.24967403194517424 5.255934721621037
2035-07-06 0.34786295106896326 3.3616888116306956 0.3685263372966574 0.1299313974354312 0.43651370636456477 0.1476886444392859 0.06798736906790737 0.5697896169809569 0.032796170868298447 0.19254719271748652
2035-08-04 0.2537066899116889 4.056901010739146 0.4686316241238728 0.16708878330177032 0.41445822916972475 0.1432057789046394 0.05417339495414808 0.6055717078575146 0.07213720367008136 0.5975512243859418
2035-08-05 0.22980237992184271 1.3703021581970585 0.509035357711241 0.18748376349265522 0.11412115098590903 0.03947270044492597 0.39491420672533195 2.243182517612004 0.4218763956465068 1.6595014037545752
2035-09-02 0.25593025989074514 7.860434329429804 0.01898824187446735 0.006905292024734233 0.05475514517456759 0.019621649215789905 0.07374338704903494 1.810211887265036 0.4609695143097188 7.049508567340122
2035-09-03 0.20890581205754444 1.633212991695971 0.26919539709280116 0.10130379783972403 0.349510091420143 0.12542956286737947 0.08031469432734184 0.6216459025675958 0.43186305016782356 2.2224479920060665
2035-10-01 0.34625174421874205 100.0 0.353496923441071 0.1315844127479044 0.173960903302941 0.06519637434632009 0.17953602013812997 -9.862102306015002 0.1555931461770994 5.470143835716795
2035-10-02 0.26187397209433705 2.8274404605736705 0.3124101709366869 0.12030231061188858 0.39967136794820135 0.15002697484419183 0.28791846111511177 4.289555474663455 0.06066072883128015 0.46880855011232037
2035-10-31 0.06572620206292612 1.3320339477392802 0.16864735005907505 0.0661799846468437 0.19708825776299932 0.07734929574210564 0.028440907703924267 -100.0 0.2548797190039531 3.778727559863695
2035-11-01 0.4165277800513536 3.104587020426229 0.41110107437700094 0.16671515877971405 0.44703156572265357 0.17568747529569317 0.1418673599003455 1.8053571554188779 0.07448927402733929 0.4362606273714305
2035-11-30 0.43685510982974574 5.874191487909018 0.22534158571258445 0.09168625730840803 0.458141784152275 0.18589030203494555 0.31651663013514053 46.30933890867355 0.24997849783463444 2.702476528925477
2035-12-01 0.20972424961795966 1.2938175035451485 0.15484170625731508 0.06482932597983991 0.28156773372910493 0.11432757080445662 0.43640943998642 5.868550454467942 0.404026058820687 2.0821764390335105
2035-12-30 0.2550202301402411 2.9161900524823148 0.2101399170049092 0.0861971523070606 0.21386120391017016 0.08736654982262677 0.0037212869052609676 0.3735186606267577 0.4302563786626816 4.070641579178097
2036-01-28 0.1964539429925132 -100.0 0.5280272805126458 0.2099278105194105 0.292200172847231 0.11674361911615419 0.23582710766541481 -19.082532354457964 0.015856072303812585 0.7865676782019234
2036-01-29 0.3116236748801686 3.0220621378891623 0.23339088016683718 0.09381921512400831 0.41227120214466595 0.16452170428394672 0.17888032197782877 9.822546213552638 0.2260381497269801 1.8488258171517957
